{\rtf1\ansi\ansicpg1252\cocoartf1138\cocoasubrtf230
{\fonttbl\f0\fswiss\fcharset0 Helvetica;}
{\colortbl;\red255\green255\blue255;}
\margl1440\margr1440\vieww10800\viewh8400\viewkind0
\pard\tx566\tx1133\tx1700\tx2267\tx2834\tx3401\tx3968\tx4535\tx5102\tx5669\tx6236\tx6803\pardirnatural

\f0\b\fs24 \cf0 difference 1:
\b0  69\
\
1) Objective value =  967.0\
\{[[7],[4],[6],[18],[21],[8],[17],[42],[38],[36],[40],[1],[35],[12],[43],[2],[37],[24],[27],[19],[11],[34],[46],[26],[47],[50],[22],[5],[3],[44],[13],[28],[16],[10],[20],[14],[33],[15],[9],[48],[39],[45],[29],[25],[23],[32],[31],[49],[41],[30]],[[8],[45],[3],[18],[17],[36],[16],[14],[7],[10],[15],[23],[19],[12],[26],[5],[40],[24],[27],[46],[47],[1],[9],[25],[38],[6],[39],[30],[42],[2],[43],[41],[20],[34],[31],[44],[35],[4],[37],[28],[13],[29],[32],[11],[21],[48],[49],[50],[22],[33]],[[34],[36],[15],[41],[28],[37],[20],[16],[18],[24],[13],[1],[19],[30],[22],[6],[14],[45],[3],[33],[21],[44],[7],[31],[50],[47],[8],[35],[40],[39],[4],[10],[42],[29],[49],[17],[5],[26],[46],[48],[9],[2],[25],[38],[32],[12],[27],[43],[11],[23]]\}\
\
[[[7, 4, 6, 18, 21, 8, 17, 42, 38, 36, 40, 1, 35, 12, 43, 2, 37, 24, 27, 19, 11, 34, 46, 26, 47, 50, 22, 5, 3, 44, 13, 28, 16, 10, 20, 14, 33, 15, 9, 48, 39, 45, 29, 25, 23, 32, 31, 49, 41, 30], [8, 45, 3, 18, 17, 36, 16, 14, 7, 10, 15, 23, 19, 12, 26, 5, 40, 24, 27, 46, 47, 1, 9, 25, 38, 6, 39, 30, 42, 2, 43, 41, 20, 34, 31, 44, 35, 4, 37, 28, 13, 29, 32, 11, 21, 48, 49, 50, 22, 33], [34, 36, 15, 41, 28, 37, 20, 16, 18, 24, 13, 1, 19, 30, 22, 6, 14, 45, 3, 33, 21, 44, 7, 31, 50, 47, 8, 35, 40, 39, 4, 10, 42, 29, 49, 17, 5, 26, 46, 48, 9, 2, 25, 38, 32, 12, 27, 43, 11, 23]], 968]\
\
2) Objective value =  976.0\
\{[[5],[30],[15],[24],[8],[1],[45],[4],[26],[22],[35],[46],[50],[7],[38],[2],[29],[6],[40],[21],[14],[42],[47],[19],[13],[43],[39],[33],[17],[31],[23],[34],[37],[36],[3],[16],[32],[49],[25],[48],[11],[9],[12],[10],[27],[20],[44],[18],[41],[28]],[[21],[19],[32],[10],[27],[8],[6],[33],[14],[24],[9],[1],[38],[22],[45],[7],[39],[16],[26],[46],[28],[31],[37],[30],[13],[42],[44],[5],[4],[11],[23],[49],[17],[18],[40],[41],[35],[48],[29],[12],[50],[25],[3],[20],[47],[36],[34],[15],[43],[2]],[[39],[25],[16],[45],[8],[22],[46],[13],[12],[28],[42],[10],[27],[31],[34],[1],[21],[35],[18],[14],[26],[48],[17],[32],[15],[20],[9],[37],[7],[11],[29],[49],[5],[4],[41],[50],[23],[40],[24],[47],[2],[43],[36],[6],[44],[38],[19],[3],[33],[30]]\}\
\
[[[5, 30, 15, 24, 8, 1, 45, 4, 26, 22, 35, 46, 50, 7, 38, 2, 29, 6, 40, 21, 14, 42, 47, 19, 13, 43, 39, 33, 17, 31, 23, 34, 37, 36, 3, 16, 32, 49, 25, 48, 11, 9, 12, 10, 27, 20, 44, 18, 41, 28], [21, 19, 32, 10, 27, 8, 6, 33, 14, 24, 9, 1, 38, 22, 45, 7, 39, 16, 26, 46, 28, 31, 37, 30, 13, 42, 44, 5, 4, 11, 23, 49, 17, 18, 40, 41, 35, 48, 29, 12, 50, 25, 3, 20, 47, 36, 34, 15, 43, 2], [39, 25, 16, 45, 8, 22, 46, 13, 12, 28, 42, 10, 27, 31, 34, 1, 21, 35, 18, 14, 26, 48, 17, 32, 15, 20, 9, 37, 7, 11, 29, 49, 5, 4, 41, 50, 23, 40, 24, 47, 2, 43, 36, 6, 44, 38, 19, 3, 33, 30]], 977]\
\
3) Objective value =  1061.0\
\{[[8],[20],[41],[4],[12],[11],[15],[19],[32],[36],[2],[13],[5],[27],[17],[18],[39],[21],[25],[9],[22],[38],[29],[33],[30],[37],[3],[43],[31],[47],[48],[24],[50],[44],[6],[49],[23],[10],[34],[28],[16],[7],[26],[35],[46],[1],[40],[14],[42],[45]],[[18],[22],[41],[20],[15],[6],[44],[26],[42],[27],[32],[39],[17],[37],[29],[12],[3],[23],[1],[10],[47],[28],[8],[24],[14],[30],[31],[49],[9],[48],[35],[43],[50],[38],[33],[5],[7],[40],[34],[2],[25],[45],[13],[36],[19],[16],[4],[46],[11],[21]],[[22],[34],[14],[13],[3],[40],[1],[23],[47],[24],[7],[2],[12],[4],[43],[17],[20],[8],[37],[30],[35],[50],[28],[42],[45],[27],[9],[21],[44],[16],[41],[39],[46],[5],[25],[19],[26],[10],[29],[48],[6],[18],[32],[11],[33],[49],[36],[15],[38],[31]]\}\
\
[[[8, 20, 41, 4, 12, 11, 15, 19, 32, 36, 2, 13, 5, 27, 17, 18, 39, 21, 25, 9, 22, 38, 29, 33, 30, 37, 3, 43, 31, 47, 48, 24, 50, 44, 6, 49, 23, 10, 34, 28, 16, 7, 26, 35, 46, 1, 40, 14, 42, 45], [18, 22, 41, 20, 15, 6, 44, 26, 42, 27, 32, 39, 17, 37, 29, 12, 3, 23, 1, 10, 47, 28, 8, 24, 14, 30, 31, 49, 9, 48, 35, 43, 50, 38, 33, 5, 7, 40, 34, 2, 25, 45, 13, 36, 19, 16, 4, 46, 11, 21], [22, 34, 14, 13, 3, 40, 1, 23, 47, 24, 7, 2, 12, 4, 43, 17, 20, 8, 37, 30, 35, 50, 28, 42, 45, 27, 9, 21, 44, 16, 41, 39, 46, 5, 25, 19, 26, 10, 29, 48, 6, 18, 32, 11, 33, 49, 36, 15, 38, 31]], 1062]\
\
4) Objective value =  1064.0\
\{[[8],[47],[44],[20],[22],[33],[14],[15],[5],[37],[11],[46],[6],[41],[30],[50],[42],[49],[43],[10],[25],[12],[3],[38],[36],[9],[19],[16],[29],[40],[34],[32],[24],[4],[39],[26],[48],[17],[18],[35],[1],[28],[27],[2],[45],[21],[23],[13],[7],[31]],[[13],[42],[37],[4],[31],[18],[10],[26],[40],[38],[19],[1],[16],[28],[32],[49],[2],[50],[22],[41],[5],[29],[11],[23],[48],[20],[21],[45],[12],[46],[39],[43],[24],[27],[30],[34],[9],[35],[44],[6],[14],[15],[25],[36],[17],[47],[33],[8],[7],[3]],[[34],[6],[22],[18],[32],[41],[36],[48],[39],[26],[49],[21],[13],[33],[10],[15],[1],[2],[50],[11],[38],[16],[20],[25],[46],[28],[12],[5],[8],[14],[31],[19],[30],[23],[35],[44],[27],[45],[40],[29],[24],[9],[43],[47],[4],[42],[17],[7],[3],[37]]\}\
\
[[[8, 47, 44, 20, 22, 33, 14, 15, 5, 37, 11, 46, 6, 41, 30, 50, 42, 49, 43, 10, 25, 12, 3, 38, 36, 9, 19, 16, 29, 40, 34, 32, 24, 4, 39, 26, 48, 17, 18, 35, 1, 28, 27, 2, 45, 21, 23, 13, 7, 31], [13, 42, 37, 4, 31, 18, 10, 26, 40, 38, 19, 1, 16, 28, 32, 49, 2, 50, 22, 41, 5, 29, 11, 23, 48, 20, 21, 45, 12, 46, 39, 43, 24, 27, 30, 34, 9, 35, 44, 6, 14, 15, 25, 36, 17, 47, 33, 8, 7, 3], [34, 6, 22, 18, 32, 41, 36, 48, 39, 26, 49, 21, 13, 33, 10, 15, 1, 2, 50, 11, 38, 16, 20, 25, 46, 28, 12, 5, 8, 14, 31, 19, 30, 23, 35, 44, 27, 45, 40, 29, 24, 9, 43, 47, 4, 42, 17, 7, 3, 37]], 1065]\
\
5) Objective value =  1015.0\
\{[[8],[22],[35],[41],[46],[32],[3],[25],[47],[44],[21],[48],[14],[24],[10],[50],[4],[11],[37],[26],[45],[42],[33],[2],[15],[29],[34],[38],[20],[7],[40],[31],[30],[43],[36],[18],[27],[12],[39],[16],[5],[17],[6],[1],[19],[28],[23],[9],[49],[13]],[[35],[40],[10],[34],[41],[16],[13],[15],[43],[9],[29],[38],[44],[42],[5],[47],[22],[37],[30],[28],[33],[17],[14],[39],[11],[3],[7],[46],[26],[1],[4],[19],[2],[6],[36],[49],[50],[12],[48],[20],[27],[23],[32],[21],[18],[25],[31],[24],[45],[8]],[[47],[3],[40],[18],[5],[7],[23],[48],[25],[4],[19],[12],[41],[44],[2],[10],[22],[33],[11],[24],[37],[14],[32],[31],[30],[28],[13],[42],[26],[20],[6],[39],[8],[45],[38],[17],[29],[36],[15],[16],[1],[21],[50],[46],[35],[49],[9],[27],[34],[43]]\}\
\
[[[8, 22, 35, 41, 46, 32, 3, 25, 47, 44, 21, 48, 14, 24, 10, 50, 4, 11, 37, 26, 45, 42, 33, 2, 15, 29, 34, 38, 20, 7, 40, 31, 30, 43, 36, 18, 27, 12, 39, 16, 5, 17, 6, 1, 19, 28, 23, 9, 49, 13], [35, 40, 10, 34, 41, 16, 13, 15, 43, 9, 29, 38, 44, 42, 5, 47, 22, 37, 30, 28, 33, 17, 14, 39, 11, 3, 7, 46, 26, 1, 4, 19, 2, 6, 36, 49, 50, 12, 48, 20, 27, 23, 32, 21, 18, 25, 31, 24, 45, 8], [47, 3, 40, 18, 5, 7, 23, 48, 25, 4, 19, 12, 41, 44, 2, 10, 22, 33, 11, 24, 37, 14, 32, 31, 30, 28, 13, 42, 26, 20, 6, 39, 8, 45, 38, 17, 29, 36, 15, 16, 1, 21, 50, 46, 35, 49, 9, 27, 34, 43]], 1016]\
\
6) Objective value =  998.0\
\{[[19],[24],[8],[33],[26],[16],[29],[7],[31],[17],[46],[27],[12],[3],[41],[4],[40],[36],[9],[39],[10],[21],[15],[14],[34],[45],[35],[25],[30],[11],[20],[18],[5],[42],[37],[44],[32],[50],[6],[49],[48],[2],[13],[47],[28],[1],[22],[38],[23],[43]],[[41],[34],[42],[30],[17],[15],[38],[43],[5],[12],[11],[25],[36],[7],[1],[19],[47],[33],[27],[29],[45],[26],[49],[31],[6],[37],[2],[35],[18],[50],[8],[22],[46],[44],[4],[14],[3],[23],[13],[28],[32],[21],[20],[9],[48],[40],[16],[10],[39],[24]],[[42],[1],[39],[19],[2],[24],[35],[50],[7],[4],[11],[40],[14],[43],[49],[33],[28],[41],[34],[29],[6],[27],[8],[22],[26],[30],[21],[46],[45],[48],[47],[32],[12],[25],[23],[15],[18],[17],[10],[44],[36],[9],[5],[31],[13],[20],[3],[38],[16],[37]]\}\
\
[[[19, 24, 8, 33, 26, 16, 29, 7, 31, 17, 46, 27, 12, 3, 41, 4, 40, 36, 9, 39, 10, 21, 15, 14, 34, 45, 35, 25, 30, 11, 20, 18, 5, 42, 37, 44, 32, 50, 6, 49, 48, 2, 13, 47, 28, 1, 22, 38, 23, 43], [41, 34, 42, 30, 17, 15, 38, 43, 5, 12, 11, 25, 36, 7, 1, 19, 47, 33, 27, 29, 45, 26, 49, 31, 6, 37, 2, 35, 18, 50, 8, 22, 46, 44, 4, 14, 3, 23, 13, 28, 32, 21, 20, 9, 48, 40, 16, 10, 39, 24], [42, 1, 39, 19, 2, 24, 35, 50, 7, 4, 11, 40, 14, 43, 49, 33, 28, 41, 34, 29, 6, 27, 8, 22, 26, 30, 21, 46, 45, 48, 47, 32, 12, 25, 23, 15, 18, 17, 10, 44, 36, 9, 5, 31, 13, 20, 3, 38, 16, 37]], 999]\
\
7) Objective value =  1118.0\
\{[[15],[10],[13],[20],[38],[14],[25],[11],[18],[45],[12],[32],[42],[1],[33],[17],[40],[49],[22],[37],[5],[46],[27],[19],[28],[16],[2],[47],[4],[3],[41],[23],[44],[24],[21],[30],[43],[6],[50],[36],[35],[31],[34],[39],[7],[26],[9],[48],[8],[29]],[[26],[12],[35],[28],[49],[17],[41],[18],[45],[31],[50],[1],[34],[11],[48],[13],[42],[37],[15],[19],[29],[21],[9],[36],[7],[16],[27],[6],[8],[46],[4],[25],[24],[43],[3],[33],[32],[44],[10],[20],[2],[23],[22],[30],[5],[39],[38],[40],[47],[14]],[[43],[20],[9],[35],[3],[16],[6],[11],[5],[36],[14],[24],[40],[33],[22],[44],[31],[41],[39],[30],[17],[45],[1],[15],[47],[32],[7],[18],[38],[46],[25],[34],[42],[27],[37],[13],[29],[19],[12],[10],[49],[2],[8],[28],[50],[4],[48],[23],[21],[26]]\}\
\
[[[15, 10, 13, 20, 38, 14, 25, 11, 18, 45, 12, 32, 42, 1, 33, 17, 40, 49, 22, 37, 5, 46, 27, 19, 28, 16, 2, 47, 4, 3, 41, 23, 44, 24, 21, 30, 43, 6, 50, 36, 35, 31, 34, 39, 7, 26, 9, 48, 8, 29], [26, 12, 35, 28, 49, 17, 41, 18, 45, 31, 50, 1, 34, 11, 48, 13, 42, 37, 15, 19, 29, 21, 9, 36, 7, 16, 27, 6, 8, 46, 4, 25, 24, 43, 3, 33, 32, 44, 10, 20, 2, 23, 22, 30, 5, 39, 38, 40, 47, 14], [43, 20, 9, 35, 3, 16, 6, 11, 5, 36, 14, 24, 40, 33, 22, 44, 31, 41, 39, 30, 17, 45, 1, 15, 47, 32, 7, 18, 38, 46, 25, 34, 42, 27, 37, 13, 29, 19, 12, 10, 49, 2, 8, 28, 50, 4, 48, 23, 21, 26]], 1119]\
\
8) Objective value =  1057.0\
\{[[4],[19],[6],[10],[23],[30],[40],[46],[18],[43],[1],[35],[21],[20],[14],[50],[22],[49],[27],[31],[39],[28],[26],[37],[25],[17],[36],[34],[9],[29],[12],[42],[48],[8],[41],[33],[38],[11],[15],[3],[45],[2],[24],[5],[47],[13],[44],[32],[16],[7]],[[8],[45],[19],[15],[39],[3],[25],[24],[9],[50],[1],[22],[36],[37],[20],[4],[17],[7],[16],[35],[27],[21],[6],[41],[46],[5],[14],[32],[28],[49],[12],[42],[29],[43],[33],[11],[2],[26],[10],[47],[31],[23],[40],[13],[44],[30],[18],[34],[38],[48]],[[9],[23],[6],[32],[15],[30],[36],[34],[11],[29],[47],[13],[8],[21],[18],[46],[50],[33],[27],[26],[31],[25],[45],[28],[19],[2],[40],[41],[48],[24],[44],[43],[20],[39],[37],[22],[14],[5],[42],[38],[12],[4],[7],[10],[16],[49],[1],[3],[17],[35]]\}\
\
[[[4, 19, 6, 10, 23, 30, 40, 46, 18, 43, 1, 35, 21, 20, 14, 50, 22, 49, 27, 31, 39, 28, 26, 37, 25, 17, 36, 34, 9, 29, 12, 42, 48, 8, 41, 33, 38, 11, 15, 3, 45, 2, 24, 5, 47, 13, 44, 32, 16, 7], [8, 45, 19, 15, 39, 3, 25, 24, 9, 50, 1, 22, 36, 37, 20, 4, 17, 7, 16, 35, 27, 21, 6, 41, 46, 5, 14, 32, 28, 49, 12, 42, 29, 43, 33, 11, 2, 26, 10, 47, 31, 23, 40, 13, 44, 30, 18, 34, 38, 48], [9, 23, 6, 32, 15, 30, 36, 34, 11, 29, 47, 13, 8, 21, 18, 46, 50, 33, 27, 26, 31, 25, 45, 28, 19, 2, 40, 41, 48, 24, 44, 43, 20, 39, 37, 22, 14, 5, 42, 38, 12, 4, 7, 10, 16, 49, 1, 3, 17, 35]], 1058]\
\
9) Objective value =  935.0\
\{[[8],[31],[13],[38],[19],[40],[11],[17],[1],[30],[9],[34],[16],[6],[2],[26],[21],[45],[24],[20],[4],[32],[3],[50],[29],[10],[44],[39],[18],[48],[22],[7],[49],[43],[41],[46],[42],[14],[15],[25],[37],[5],[27],[23],[28],[33],[35],[12],[36],[47]],[[9],[4],[11],[26],[5],[32],[19],[22],[31],[27],[7],[15],[24],[34],[39],[45],[3],[2],[30],[13],[49],[20],[50],[16],[23],[8],[25],[37],[47],[17],[10],[46],[14],[35],[36],[6],[44],[40],[21],[43],[29],[42],[1],[33],[41],[12],[28],[38],[18],[48]],[[9],[24],[21],[11],[15],[29],[3],[42],[2],[40],[36],[27],[43],[33],[34],[32],[26],[41],[49],[46],[48],[38],[44],[6],[4],[37],[1],[7],[31],[5],[45],[23],[28],[35],[19],[12],[13],[39],[17],[50],[16],[10],[22],[18],[20],[8],[30],[14],[25],[47]]\}\
\
[[[8, 31, 13, 38, 19, 40, 11, 17, 1, 30, 9, 34, 16, 6, 2, 26, 21, 45, 24, 20, 4, 32, 3, 50, 29, 10, 44, 39, 18, 48, 22, 7, 49, 43, 41, 46, 42, 14, 15, 25, 37, 5, 27, 23, 28, 33, 35, 12, 36, 47], [9, 4, 11, 26, 5, 32, 19, 22, 31, 27, 7, 15, 24, 34, 39, 45, 3, 2, 30, 13, 49, 20, 50, 16, 23, 8, 25, 37, 47, 17, 10, 46, 14, 35, 36, 6, 44, 40, 21, 43, 29, 42, 1, 33, 41, 12, 28, 38, 18, 48], [9, 24, 21, 11, 15, 29, 3, 42, 2, 40, 36, 27, 43, 33, 34, 32, 26, 41, 49, 46, 48, 38, 44, 6, 4, 37, 1, 7, 31, 5, 45, 23, 28, 35, 19, 12, 13, 39, 17, 50, 16, 10, 22, 18, 20, 8, 30, 14, 25, 47]], 936]\
\
10) Objective value =  980.0\
\{[[5],[9],[28],[16],[41],[46],[13],[29],[21],[12],[42],[39],[23],[6],[43],[24],[31],[25],[48],[17],[35],[44],[49],[18],[27],[38],[45],[36],[1],[30],[34],[32],[19],[4],[3],[40],[10],[11],[8],[47],[14],[7],[15],[50],[33],[2],[22],[20],[26],[37]],[[8],[41],[46],[49],[3],[4],[20],[24],[16],[19],[29],[14],[28],[42],[37],[44],[22],[7],[12],[5],[27],[47],[13],[34],[38],[26],[32],[18],[1],[21],[10],[39],[2],[33],[36],[25],[30],[31],[11],[35],[9],[43],[50],[6],[23],[48],[15],[40],[45],[17]],[[26],[7],[5],[37],[20],[32],[17],[9],[42],[25],[46],[3],[16],[24],[33],[44],[31],[18],[12],[8],[23],[15],[39],[2],[19],[21],[47],[48],[49],[14],[35],[28],[50],[41],[22],[43],[45],[4],[40],[36],[13],[6],[30],[29],[11],[10],[38],[34],[1],[27]]\}\
\
[[[5, 9, 28, 16, 41, 46, 13, 29, 21, 12, 42, 39, 23, 6, 43, 24, 31, 25, 48, 17, 35, 44, 49, 18, 27, 38, 45, 36, 1, 30, 34, 32, 19, 4, 3, 40, 10, 11, 8, 47, 14, 7, 15, 50, 33, 2, 22, 20, 26, 37], [8, 41, 46, 49, 3, 4, 20, 24, 16, 19, 29, 14, 28, 42, 37, 44, 22, 7, 12, 5, 27, 47, 13, 34, 38, 26, 32, 18, 1, 21, 10, 39, 2, 33, 36, 25, 30, 31, 11, 35, 9, 43, 50, 6, 23, 48, 15, 40, 45, 17], [26, 7, 5, 37, 20, 32, 17, 9, 42, 25, 46, 3, 16, 24, 33, 44, 31, 18, 12, 8, 23, 15, 39, 2, 19, 21, 47, 48, 49, 14, 35, 28, 50, 41, 22, 43, 45, 4, 40, 36, 13, 6, 30, 29, 11, 10, 38, 34, 1, 27]], 981]\
\
11) Objective value =  1071.0\
\{[[11],[30],[22],[14],[16],[45],[29],[42],[21],[36],[1],[33],[23],[41],[43],[17],[28],[49],[24],[46],[35],[3],[26],[7],[6],[47],[8],[19],[38],[50],[12],[44],[15],[9],[32],[34],[31],[20],[39],[18],[25],[13],[5],[4],[2],[40],[27],[37],[48],[10]],[[16],[34],[4],[20],[18],[19],[37],[28],[32],[27],[35],[47],[14],[24],[15],[2],[33],[26],[36],[5],[31],[41],[30],[40],[9],[48],[17],[3],[44],[38],[29],[42],[25],[10],[22],[43],[50],[7],[6],[46],[12],[11],[8],[39],[1],[23],[49],[21],[13],[45]],[[45],[6],[28],[22],[32],[48],[12],[14],[39],[11],[3],[49],[34],[26],[29],[8],[40],[1],[33],[24],[23],[44],[2],[47],[20],[35],[15],[36],[31],[16],[37],[46],[4],[10],[9],[17],[50],[30],[43],[18],[25],[41],[13],[42],[5],[21],[19],[7],[27],[38]]\}\
\
[[[11, 30, 22, 14, 16, 45, 29, 42, 21, 36, 1, 33, 23, 41, 43, 17, 28, 49, 24, 46, 35, 3, 26, 7, 6, 47, 8, 19, 38, 50, 12, 44, 15, 9, 32, 34, 31, 20, 39, 18, 25, 13, 5, 4, 2, 40, 27, 37, 48, 10], [16, 34, 4, 20, 18, 19, 37, 28, 32, 27, 35, 47, 14, 24, 15, 2, 33, 26, 36, 5, 31, 41, 30, 40, 9, 48, 17, 3, 44, 38, 29, 42, 25, 10, 22, 43, 50, 7, 6, 46, 12, 11, 8, 39, 1, 23, 49, 21, 13, 45], [45, 6, 28, 22, 32, 48, 12, 14, 39, 11, 3, 49, 34, 26, 29, 8, 40, 1, 33, 24, 23, 44, 2, 47, 20, 35, 15, 36, 31, 16, 37, 46, 4, 10, 9, 17, 50, 30, 43, 18, 25, 41, 13, 42, 5, 21, 19, 7, 27, 38]], 1072]\
\
12) Objective value =  1057.0\
\{[[32],[28],[47],[49],[40],[22],[44],[39],[20],[43],[23],[14],[48],[46],[3],[25],[18],[11],[6],[26],[7],[38],[35],[33],[2],[41],[19],[31],[5],[15],[4],[12],[27],[21],[42],[37],[8],[16],[34],[50],[29],[17],[36],[45],[10],[13],[1],[24],[9],[30]],[[34],[19],[18],[13],[17],[33],[28],[36],[39],[47],[6],[43],[42],[29],[2],[1],[24],[20],[12],[37],[49],[8],[45],[41],[50],[7],[32],[44],[14],[35],[46],[15],[23],[5],[11],[48],[10],[30],[3],[21],[31],[26],[38],[40],[16],[22],[4],[25],[9],[27]],[[35],[6],[7],[22],[38],[10],[15],[27],[39],[13],[12],[42],[5],[19],[40],[28],[24],[8],[11],[47],[32],[25],[36],[41],[21],[30],[20],[37],[1],[16],[31],[3],[34],[43],[17],[2],[33],[9],[48],[23],[26],[49],[14],[18],[44],[4],[29],[46],[45],[50]]\}\
\
[[[32, 28, 47, 49, 40, 22, 44, 39, 20, 43, 23, 14, 48, 46, 3, 25, 18, 11, 6, 26, 7, 38, 35, 33, 2, 41, 19, 31, 5, 15, 4, 12, 27, 21, 42, 37, 8, 16, 34, 50, 29, 17, 36, 45, 10, 13, 1, 24, 9, 30], [34, 19, 18, 13, 17, 33, 28, 36, 39, 47, 6, 43, 42, 29, 2, 1, 24, 20, 12, 37, 49, 8, 45, 41, 50, 7, 32, 44, 14, 35, 46, 15, 23, 5, 11, 48, 10, 30, 3, 21, 31, 26, 38, 40, 16, 22, 4, 25, 9, 27], [35, 6, 7, 22, 38, 10, 15, 27, 39, 13, 12, 42, 5, 19, 40, 28, 24, 8, 11, 47, 32, 25, 36, 41, 21, 30, 20, 37, 1, 16, 31, 3, 34, 43, 17, 2, 33, 9, 48, 23, 26, 49, 14, 18, 44, 4, 29, 46, 45, 50]], 1058]\
\
13) Objective value =  1086.0\
\{[[15],[1],[49],[16],[25],[33],[2],[13],[40],[38],[14],[3],[39],[19],[36],[7],[34],[31],[46],[21],[37],[48],[32],[42],[20],[27],[28],[47],[29],[44],[6],[5],[12],[10],[22],[26],[30],[45],[23],[17],[43],[50],[4],[11],[18],[24],[9],[8],[35],[41]],[[16],[33],[23],[21],[7],[13],[37],[3],[44],[9],[14],[18],[38],[17],[12],[15],[19],[2],[48],[46],[49],[43],[20],[28],[42],[6],[27],[39],[30],[36],[4],[11],[35],[26],[24],[41],[25],[47],[5],[22],[31],[45],[32],[50],[29],[40],[34],[10],[8],[1]],[[27],[9],[29],[45],[34],[48],[11],[43],[23],[10],[6],[13],[22],[4],[8],[30],[20],[7],[25],[1],[32],[47],[17],[28],[46],[36],[35],[33],[24],[40],[49],[44],[3],[15],[14],[37],[50],[21],[5],[26],[38],[12],[39],[31],[2],[16],[18],[19],[41],[42]]\}\
\
[[[15, 1, 49, 16, 25, 33, 2, 13, 40, 38, 14, 3, 39, 19, 36, 7, 34, 31, 46, 21, 37, 48, 32, 42, 20, 27, 28, 47, 29, 44, 6, 5, 12, 10, 22, 26, 30, 45, 23, 17, 43, 50, 4, 11, 18, 24, 9, 8, 35, 41], [16, 33, 23, 21, 7, 13, 37, 3, 44, 9, 14, 18, 38, 17, 12, 15, 19, 2, 48, 46, 49, 43, 20, 28, 42, 6, 27, 39, 30, 36, 4, 11, 35, 26, 24, 41, 25, 47, 5, 22, 31, 45, 32, 50, 29, 40, 34, 10, 8, 1], [27, 9, 29, 45, 34, 48, 11, 43, 23, 10, 6, 13, 22, 4, 8, 30, 20, 7, 25, 1, 32, 47, 17, 28, 46, 36, 35, 33, 24, 40, 49, 44, 3, 15, 14, 37, 50, 21, 5, 26, 38, 12, 39, 31, 2, 16, 18, 19, 41, 42]], 1087]\
\
14) Objective value =  1099.0\
\{[[15],[25],[6],[4],[16],[26],[2],[31],[45],[35],[7],[22],[1],[32],[3],[43],[23],[49],[36],[18],[33],[50],[29],[30],[39],[48],[5],[41],[21],[10],[8],[28],[40],[38],[24],[9],[11],[12],[47],[42],[34],[13],[44],[19],[14],[27],[17],[20],[37],[46]],[[24],[17],[41],[13],[31],[5],[50],[18],[49],[12],[19],[15],[33],[22],[35],[3],[1],[37],[23],[11],[38],[9],[40],[29],[30],[27],[4],[34],[47],[7],[45],[8],[20],[44],[46],[26],[25],[32],[39],[21],[28],[2],[36],[48],[14],[43],[16],[6],[10],[42]],[[47],[29],[6],[7],[15],[28],[50],[40],[14],[27],[12],[13],[41],[33],[31],[44],[36],[37],[48],[49],[24],[17],[5],[34],[30],[39],[43],[3],[19],[20],[32],[42],[23],[16],[8],[38],[25],[45],[10],[46],[26],[21],[22],[4],[2],[11],[9],[18],[1],[35]]\}\
\
[[[15, 25, 6, 4, 16, 26, 2, 31, 45, 35, 7, 22, 1, 32, 3, 43, 23, 49, 36, 18, 33, 50, 29, 30, 39, 48, 5, 41, 21, 10, 8, 28, 40, 38, 24, 9, 11, 12, 47, 42, 34, 13, 44, 19, 14, 27, 17, 20, 37, 46], [24, 17, 41, 13, 31, 5, 50, 18, 49, 12, 19, 15, 33, 22, 35, 3, 1, 37, 23, 11, 38, 9, 40, 29, 30, 27, 4, 34, 47, 7, 45, 8, 20, 44, 46, 26, 25, 32, 39, 21, 28, 2, 36, 48, 14, 43, 16, 6, 10, 42], [47, 29, 6, 7, 15, 28, 50, 40, 14, 27, 12, 13, 41, 33, 31, 44, 36, 37, 48, 49, 24, 17, 5, 34, 30, 39, 43, 3, 19, 20, 32, 42, 23, 16, 8, 38, 25, 45, 10, 46, 26, 21, 22, 4, 2, 11, 9, 18, 1, 35]], 1100]\
\
15) Objective value =  921.0\
\{[[9],[11],[38],[44],[46],[25],[3],[19],[24],[27],[12],[20],[33],[23],[16],[37],[47],[31],[17],[32],[29],[7],[28],[8],[26],[14],[35],[30],[1],[22],[49],[10],[43],[41],[15],[18],[45],[13],[6],[4],[2],[36],[48],[42],[39],[21],[40],[50],[5],[34]],[[30],[24],[20],[12],[22],[27],[40],[11],[32],[18],[7],[31],[38],[36],[2],[37],[1],[25],[23],[35],[45],[10],[43],[42],[4],[46],[15],[17],[21],[48],[6],[44],[41],[33],[5],[28],[14],[19],[3],[49],[9],[8],[29],[50],[34],[47],[13],[26],[39],[16]],[[46],[5],[21],[1],[9],[2],[11],[17],[45],[43],[37],[18],[36],[31],[14],[41],[32],[27],[26],[49],[20],[35],[19],[25],[40],[30],[24],[29],[44],[16],[48],[39],[4],[12],[33],[15],[10],[6],[3],[7],[13],[22],[38],[34],[42],[28],[47],[23],[50],[8]]\}\
\
[[[9, 11, 38, 44, 46, 25, 3, 19, 24, 27, 12, 20, 33, 23, 16, 37, 47, 31, 17, 32, 29, 7, 28, 8, 26, 14, 35, 30, 1, 22, 49, 10, 43, 41, 15, 18, 45, 13, 6, 4, 2, 36, 48, 42, 39, 21, 40, 50, 5, 34], [30, 24, 20, 12, 22, 27, 40, 11, 32, 18, 7, 31, 38, 36, 2, 37, 1, 25, 23, 35, 45, 10, 43, 42, 4, 46, 15, 17, 21, 48, 6, 44, 41, 33, 5, 28, 14, 19, 3, 49, 9, 8, 29, 50, 34, 47, 13, 26, 39, 16], [46, 5, 21, 1, 9, 2, 11, 17, 45, 43, 37, 18, 36, 31, 14, 41, 32, 27, 26, 49, 20, 35, 19, 25, 40, 30, 24, 29, 44, 16, 48, 39, 4, 12, 33, 15, 10, 6, 3, 7, 13, 22, 38, 34, 42, 28, 47, 23, 50, 8]], 922]\
\
16) Objective value =  1024.0\
\{[[4],[36],[24],[8],[29],[35],[38],[13],[6],[48],[31],[28],[20],[44],[33],[7],[45],[23],[14],[32],[5],[15],[34],[40],[11],[10],[39],[27],[18],[12],[43],[16],[25],[46],[1],[47],[3],[9],[26],[2],[50],[30],[41],[17],[21],[49],[22],[19],[37],[42]],[[10],[24],[12],[39],[11],[7],[31],[37],[2],[44],[14],[3],[18],[21],[30],[29],[47],[35],[28],[4],[38],[22],[43],[42],[26],[45],[23],[19],[16],[6],[20],[36],[25],[48],[13],[5],[50],[17],[8],[40],[49],[46],[34],[9],[1],[27],[15],[41],[33],[32]],[[20],[50],[25],[28],[33],[16],[1],[36],[12],[45],[49],[44],[42],[18],[35],[2],[14],[46],[7],[32],[10],[38],[22],[48],[19],[41],[39],[30],[29],[47],[17],[24],[43],[21],[5],[31],[13],[6],[34],[3],[11],[40],[15],[37],[8],[23],[26],[4],[27],[9]]\}\
\
[[[4, 36, 24, 8, 29, 35, 38, 13, 6, 48, 31, 28, 20, 44, 33, 7, 45, 23, 14, 32, 5, 15, 34, 40, 11, 10, 39, 27, 18, 12, 43, 16, 25, 46, 1, 47, 3, 9, 26, 2, 50, 30, 41, 17, 21, 49, 22, 19, 37, 42], [10, 24, 12, 39, 11, 7, 31, 37, 2, 44, 14, 3, 18, 21, 30, 29, 47, 35, 28, 4, 38, 22, 43, 42, 26, 45, 23, 19, 16, 6, 20, 36, 25, 48, 13, 5, 50, 17, 8, 40, 49, 46, 34, 9, 1, 27, 15, 41, 33, 32], [20, 50, 25, 28, 33, 16, 1, 36, 12, 45, 49, 44, 42, 18, 35, 2, 14, 46, 7, 32, 10, 38, 22, 48, 19, 41, 39, 30, 29, 47, 17, 24, 43, 21, 5, 31, 13, 6, 34, 3, 11, 40, 15, 37, 8, 23, 26, 4, 27, 9]], 1025]\
\
17) Objective value =  1069.0\
\{[[12],[10],[14],[25],[22],[31],[17],[7],[36],[32],[3],[45],[16],[43],[29],[15],[9],[21],[19],[24],[40],[41],[47],[35],[30],[37],[23],[50],[6],[11],[13],[2],[33],[48],[18],[20],[26],[44],[34],[28],[49],[42],[8],[39],[38],[4],[1],[5],[27],[46]],[[36],[35],[5],[11],[50],[6],[21],[27],[39],[42],[14],[22],[29],[15],[28],[13],[26],[30],[41],[2],[34],[10],[46],[16],[44],[37],[38],[40],[24],[8],[45],[43],[7],[23],[3],[4],[20],[47],[48],[18],[17],[12],[32],[25],[1],[9],[31],[49],[33],[19]],[[49],[9],[3],[47],[31],[10],[11],[13],[14],[32],[25],[6],[28],[15],[21],[46],[12],[23],[27],[2],[38],[22],[1],[39],[20],[50],[42],[40],[17],[7],[19],[30],[48],[8],[18],[45],[4],[33],[26],[24],[16],[44],[36],[37],[29],[35],[41],[34],[5],[43]]\}\
\
[[[12, 10, 14, 25, 22, 31, 17, 7, 36, 32, 3, 45, 16, 43, 29, 15, 9, 21, 19, 24, 40, 41, 47, 35, 30, 37, 23, 50, 6, 11, 13, 2, 33, 48, 18, 20, 26, 44, 34, 28, 49, 42, 8, 39, 38, 4, 1, 5, 27, 46], [36, 35, 5, 11, 50, 6, 21, 27, 39, 42, 14, 22, 29, 15, 28, 13, 26, 30, 41, 2, 34, 10, 46, 16, 44, 37, 38, 40, 24, 8, 45, 43, 7, 23, 3, 4, 20, 47, 48, 18, 17, 12, 32, 25, 1, 9, 31, 49, 33, 19], [49, 9, 3, 47, 31, 10, 11, 13, 14, 32, 25, 6, 28, 15, 21, 46, 12, 23, 27, 2, 38, 22, 1, 39, 20, 50, 42, 40, 17, 7, 19, 30, 48, 8, 18, 45, 4, 33, 26, 24, 16, 44, 36, 37, 29, 35, 41, 34, 5, 43]], 1070]\
\
18) Objective value =  1010.0\
\{[[31],[34],[42],[35],[39],[17],[10],[38],[27],[21],[25],[20],[29],[7],[4],[36],[9],[1],[13],[26],[14],[12],[47],[16],[8],[5],[44],[30],[32],[41],[6],[40],[46],[49],[22],[37],[28],[33],[48],[45],[19],[43],[50],[11],[23],[15],[2],[3],[18],[24]],[[35],[29],[24],[20],[38],[28],[5],[1],[49],[16],[46],[36],[40],[39],[30],[33],[11],[6],[47],[44],[45],[7],[17],[13],[22],[31],[8],[26],[34],[42],[2],[9],[43],[21],[4],[15],[50],[48],[27],[32],[18],[3],[23],[19],[25],[12],[10],[41],[37],[14]],[[48],[40],[10],[21],[31],[2],[23],[22],[25],[27],[7],[41],[45],[24],[39],[3],[35],[13],[42],[34],[11],[5],[44],[1],[14],[15],[46],[9],[4],[50],[17],[18],[20],[8],[32],[28],[12],[38],[36],[16],[26],[19],[37],[29],[49],[30],[33],[6],[47],[43]]\}\
\
[[[31, 34, 42, 35, 39, 17, 10, 38, 27, 21, 25, 20, 29, 7, 4, 36, 9, 1, 13, 26, 14, 12, 47, 16, 8, 5, 44, 30, 32, 41, 6, 40, 46, 49, 22, 37, 28, 33, 48, 45, 19, 43, 50, 11, 23, 15, 2, 3, 18, 24], [35, 29, 24, 20, 38, 28, 5, 1, 49, 16, 46, 36, 40, 39, 30, 33, 11, 6, 47, 44, 45, 7, 17, 13, 22, 31, 8, 26, 34, 42, 2, 9, 43, 21, 4, 15, 50, 48, 27, 32, 18, 3, 23, 19, 25, 12, 10, 41, 37, 14], [48, 40, 10, 21, 31, 2, 23, 22, 25, 27, 7, 41, 45, 24, 39, 3, 35, 13, 42, 34, 11, 5, 44, 1, 14, 15, 46, 9, 4, 50, 17, 18, 20, 8, 32, 28, 12, 38, 36, 16, 26, 19, 37, 29, 49, 30, 33, 6, 47, 43]], 1011]\
\
19) Objective value =  950.0\
\{[[30],[23],[14],[19],[10],[4],[16],[7],[18],[28],[37],[44],[21],[31],[12],[9],[43],[38],[24],[13],[5],[35],[1],[42],[15],[27],[36],[39],[26],[33],[25],[34],[20],[47],[41],[32],[48],[45],[2],[8],[40],[22],[6],[29],[11],[49],[46],[50],[17],[3]],[[40],[32],[44],[21],[14],[19],[26],[3],[23],[8],[15],[2],[20],[42],[16],[11],[41],[4],[34],[17],[9],[28],[39],[12],[43],[18],[5],[35],[46],[25],[31],[50],[48],[7],[24],[33],[1],[29],[6],[10],[30],[45],[38],[47],[13],[36],[27],[22],[37],[49]],[[42],[14],[11],[34],[50],[15],[2],[17],[12],[35],[47],[1],[18],[30],[40],[7],[21],[10],[43],[39],[23],[9],[32],[45],[3],[28],[27],[25],[38],[24],[31],[48],[6],[22],[4],[8],[33],[46],[36],[16],[19],[49],[26],[5],[20],[41],[29],[37],[13],[44]]\}\
\
[[[30, 23, 14, 19, 10, 4, 16, 7, 18, 28, 37, 44, 21, 31, 12, 9, 43, 38, 24, 13, 5, 35, 1, 42, 15, 27, 36, 39, 26, 33, 25, 34, 20, 47, 41, 32, 48, 45, 2, 8, 40, 22, 6, 29, 11, 49, 46, 50, 17, 3], [40, 32, 44, 21, 14, 19, 26, 3, 23, 8, 15, 2, 20, 42, 16, 11, 41, 4, 34, 17, 9, 28, 39, 12, 43, 18, 5, 35, 46, 25, 31, 50, 48, 7, 24, 33, 1, 29, 6, 10, 30, 45, 38, 47, 13, 36, 27, 22, 37, 49], [42, 14, 11, 34, 50, 15, 2, 17, 12, 35, 47, 1, 18, 30, 40, 7, 21, 10, 43, 39, 23, 9, 32, 45, 3, 28, 27, 25, 38, 24, 31, 48, 6, 22, 4, 8, 33, 46, 36, 16, 19, 49, 26, 5, 20, 41, 29, 37, 13, 44]], 951]\
\
20) Objective value =  1039.0\
\{[[14],[2],[3],[11],[48],[32],[34],[7],[38],[20],[30],[36],[39],[46],[18],[25],[21],[43],[37],[28],[24],[17],[16],[27],[19],[10],[6],[33],[13],[49],[26],[44],[23],[41],[5],[31],[1],[42],[40],[9],[8],[47],[45],[35],[12],[4],[29],[50],[15],[22]],[[29],[43],[49],[3],[30],[10],[16],[7],[20],[26],[19],[4],[32],[12],[31],[1],[8],[44],[11],[42],[46],[13],[38],[9],[22],[45],[2],[24],[14],[39],[48],[36],[15],[50],[28],[17],[23],[33],[27],[6],[25],[40],[35],[34],[5],[41],[18],[47],[21],[37]],[[46],[37],[47],[23],[34],[22],[41],[6],[3],[20],[28],[4],[32],[31],[25],[33],[21],[30],[18],[36],[12],[11],[49],[39],[27],[7],[44],[29],[24],[2],[43],[14],[9],[13],[19],[5],[15],[8],[42],[50],[1],[48],[45],[16],[26],[38],[35],[40],[10],[17]]\}\
\
[[[14, 2, 3, 11, 48, 32, 34, 7, 38, 20, 30, 36, 39, 46, 18, 25, 21, 43, 37, 28, 24, 17, 16, 27, 19, 10, 6, 33, 13, 49, 26, 44, 23, 41, 5, 31, 1, 42, 40, 9, 8, 47, 45, 35, 12, 4, 29, 50, 15, 22], [29, 43, 49, 3, 30, 10, 16, 7, 20, 26, 19, 4, 32, 12, 31, 1, 8, 44, 11, 42, 46, 13, 38, 9, 22, 45, 2, 24, 14, 39, 48, 36, 15, 50, 28, 17, 23, 33, 27, 6, 25, 40, 35, 34, 5, 41, 18, 47, 21, 37], [46, 37, 47, 23, 34, 22, 41, 6, 3, 20, 28, 4, 32, 31, 25, 33, 21, 30, 18, 36, 12, 11, 49, 39, 27, 7, 44, 29, 24, 2, 43, 14, 9, 13, 19, 5, 15, 8, 42, 50, 1, 48, 45, 16, 26, 38, 35, 40, 10, 17]], 1040]\
\
21) Objective value =  975.0\
\{[[8],[25],[35],[12],[22],[28],[31],[38],[11],[42],[30],[43],[14],[47],[48],[37],[10],[40],[21],[6],[36],[34],[27],[44],[45],[18],[15],[33],[3],[20],[49],[19],[41],[13],[46],[26],[50],[4],[5],[29],[16],[39],[2],[9],[24],[23],[32],[17],[1],[7]],[[26],[29],[28],[31],[34],[20],[12],[13],[3],[45],[9],[46],[41],[23],[1],[14],[5],[6],[16],[36],[40],[37],[30],[43],[21],[10],[27],[42],[38],[4],[35],[17],[47],[33],[39],[11],[48],[24],[44],[32],[49],[7],[22],[2],[50],[15],[18],[25],[8],[19]],[[40],[27],[41],[48],[8],[14],[47],[11],[20],[21],[31],[19],[44],[29],[28],[26],[18],[33],[36],[3],[38],[32],[25],[37],[7],[30],[42],[24],[1],[45],[9],[6],[4],[46],[2],[16],[49],[17],[22],[35],[43],[50],[13],[10],[23],[39],[12],[34],[5],[15]]\}\
\
[[[8, 25, 35, 12, 22, 28, 31, 38, 11, 42, 30, 43, 14, 47, 48, 37, 10, 40, 21, 6, 36, 34, 27, 44, 45, 18, 15, 33, 3, 20, 49, 19, 41, 13, 46, 26, 50, 4, 5, 29, 16, 39, 2, 9, 24, 23, 32, 17, 1, 7], [26, 29, 28, 31, 34, 20, 12, 13, 3, 45, 9, 46, 41, 23, 1, 14, 5, 6, 16, 36, 40, 37, 30, 43, 21, 10, 27, 42, 38, 4, 35, 17, 47, 33, 39, 11, 48, 24, 44, 32, 49, 7, 22, 2, 50, 15, 18, 25, 8, 19], [40, 27, 41, 48, 8, 14, 47, 11, 20, 21, 31, 19, 44, 29, 28, 26, 18, 33, 36, 3, 38, 32, 25, 37, 7, 30, 42, 24, 1, 45, 9, 6, 4, 46, 2, 16, 49, 17, 22, 35, 43, 50, 13, 10, 23, 39, 12, 34, 5, 15]], 976]\
\
22) Objective value =  1032.0\
\{[[17],[3],[15],[42],[49],[32],[11],[31],[7],[8],[18],[40],[29],[47],[38],[26],[21],[36],[4],[12],[1],[41],[24],[28],[16],[33],[30],[10],[25],[13],[2],[9],[27],[34],[23],[22],[19],[46],[6],[43],[39],[5],[35],[48],[45],[14],[44],[37],[20],[50]],[[21],[19],[43],[48],[11],[9],[1],[22],[37],[8],[15],[36],[40],[42],[38],[3],[23],[25],[47],[17],[31],[44],[27],[33],[41],[34],[12],[2],[26],[13],[32],[18],[46],[50],[35],[28],[10],[39],[29],[5],[6],[30],[45],[14],[20],[49],[16],[24],[4],[7]],[[24],[13],[38],[37],[50],[15],[1],[40],[6],[19],[23],[46],[48],[27],[42],[21],[4],[34],[8],[43],[45],[35],[30],[16],[2],[28],[20],[39],[7],[36],[29],[9],[25],[33],[31],[3],[22],[44],[49],[5],[11],[32],[18],[12],[14],[17],[47],[26],[10],[41]]\}\
\
[[[17, 3, 15, 42, 49, 32, 11, 31, 7, 8, 18, 40, 29, 47, 38, 26, 21, 36, 4, 12, 1, 41, 24, 28, 16, 33, 30, 10, 25, 13, 2, 9, 27, 34, 23, 22, 19, 46, 6, 43, 39, 5, 35, 48, 45, 14, 44, 37, 20, 50], [21, 19, 43, 48, 11, 9, 1, 22, 37, 8, 15, 36, 40, 42, 38, 3, 23, 25, 47, 17, 31, 44, 27, 33, 41, 34, 12, 2, 26, 13, 32, 18, 46, 50, 35, 28, 10, 39, 29, 5, 6, 30, 45, 14, 20, 49, 16, 24, 4, 7], [24, 13, 38, 37, 50, 15, 1, 40, 6, 19, 23, 46, 48, 27, 42, 21, 4, 34, 8, 43, 45, 35, 30, 16, 2, 28, 20, 39, 7, 36, 29, 9, 25, 33, 31, 3, 22, 44, 49, 5, 11, 32, 18, 12, 14, 17, 47, 26, 10, 41]], 1033]\
\
23) Objective value =  1125.0\
\{[[1],[49],[43],[25],[14],[11],[6],[5],[18],[28],[23],[9],[19],[42],[50],[13],[48],[21],[4],[29],[36],[15],[27],[7],[30],[33],[10],[24],[35],[22],[16],[47],[45],[37],[26],[44],[31],[3],[40],[34],[20],[12],[38],[46],[17],[8],[39],[2],[41],[32]],[[24],[6],[10],[50],[45],[9],[35],[36],[2],[38],[40],[19],[22],[8],[18],[30],[23],[37],[11],[14],[25],[29],[49],[16],[4],[32],[39],[41],[21],[3],[43],[48],[33],[17],[20],[27],[46],[47],[12],[13],[34],[44],[5],[26],[1],[42],[28],[7],[15],[31]],[[41],[22],[47],[30],[49],[44],[6],[7],[43],[48],[17],[37],[1],[21],[14],[42],[32],[45],[39],[46],[28],[18],[5],[33],[26],[35],[24],[12],[29],[38],[2],[34],[8],[31],[4],[13],[27],[40],[20],[10],[15],[16],[23],[11],[25],[50],[36],[9],[19],[3]]\}\
\
[[[1, 49, 43, 25, 14, 11, 6, 5, 18, 28, 23, 9, 19, 42, 50, 13, 48, 21, 4, 29, 36, 15, 27, 7, 30, 33, 10, 24, 35, 22, 16, 47, 45, 37, 26, 44, 31, 3, 40, 34, 20, 12, 38, 46, 17, 8, 39, 2, 41, 32], [24, 6, 10, 50, 45, 9, 35, 36, 2, 38, 40, 19, 22, 8, 18, 30, 23, 37, 11, 14, 25, 29, 49, 16, 4, 32, 39, 41, 21, 3, 43, 48, 33, 17, 20, 27, 46, 47, 12, 13, 34, 44, 5, 26, 1, 42, 28, 7, 15, 31], [41, 22, 47, 30, 49, 44, 6, 7, 43, 48, 17, 37, 1, 21, 14, 42, 32, 45, 39, 46, 28, 18, 5, 33, 26, 35, 24, 12, 29, 38, 2, 34, 8, 31, 4, 13, 27, 40, 20, 10, 15, 16, 23, 11, 25, 50, 36, 9, 19, 3]], 1126]\
\
24) Objective value =  1038.0\
\{[[15],[41],[37],[26],[10],[49],[9],[47],[40],[21],[46],[13],[34],[2],[5],[30],[18],[22],[8],[25],[3],[36],[42],[33],[7],[24],[32],[12],[11],[38],[16],[19],[50],[29],[39],[48],[4],[35],[27],[14],[1],[6],[44],[28],[31],[45],[23],[17],[43],[20]],[[21],[20],[45],[49],[6],[50],[11],[36],[38],[13],[4],[15],[16],[33],[14],[41],[31],[25],[42],[24],[48],[30],[23],[46],[12],[17],[39],[8],[47],[18],[37],[43],[32],[26],[1],[22],[10],[7],[9],[3],[40],[35],[2],[34],[44],[27],[5],[19],[29],[28]],[[22],[24],[9],[33],[47],[44],[48],[2],[40],[21],[12],[14],[37],[1],[15],[35],[27],[34],[45],[42],[8],[23],[31],[18],[39],[11],[36],[6],[43],[38],[46],[30],[26],[50],[32],[7],[13],[4],[20],[3],[49],[29],[41],[25],[10],[28],[17],[19],[16],[5]]\}\
\
[[[15, 41, 37, 26, 10, 49, 9, 47, 40, 21, 46, 13, 34, 2, 5, 30, 18, 22, 8, 25, 3, 36, 42, 33, 7, 24, 32, 12, 11, 38, 16, 19, 50, 29, 39, 48, 4, 35, 27, 14, 1, 6, 44, 28, 31, 45, 23, 17, 43, 20], [21, 20, 45, 49, 6, 50, 11, 36, 38, 13, 4, 15, 16, 33, 14, 41, 31, 25, 42, 24, 48, 30, 23, 46, 12, 17, 39, 8, 47, 18, 37, 43, 32, 26, 1, 22, 10, 7, 9, 3, 40, 35, 2, 34, 44, 27, 5, 19, 29, 28], [22, 24, 9, 33, 47, 44, 48, 2, 40, 21, 12, 14, 37, 1, 15, 35, 27, 34, 45, 42, 8, 23, 31, 18, 39, 11, 36, 6, 43, 38, 46, 30, 26, 50, 32, 7, 13, 4, 20, 3, 49, 29, 41, 25, 10, 28, 17, 19, 16, 5]], 1039]\
\
25) Objective value =  1069.0\
\{[[18],[14],[16],[6],[28],[9],[19],[42],[30],[25],[23],[44],[4],[15],[29],[48],[27],[12],[22],[32],[26],[5],[45],[33],[8],[50],[38],[20],[1],[7],[3],[24],[46],[34],[31],[40],[47],[36],[10],[41],[43],[49],[2],[35],[39],[17],[13],[21],[37],[11]],[[42],[24],[49],[37],[32],[15],[33],[11],[25],[47],[6],[1],[35],[31],[17],[10],[44],[29],[7],[9],[50],[48],[12],[4],[22],[13],[34],[3],[21],[41],[2],[28],[5],[39],[16],[8],[30],[26],[18],[27],[40],[46],[45],[38],[20],[36],[14],[23],[19],[43]],[[47],[9],[25],[3],[29],[40],[26],[14],[1],[15],[2],[31],[41],[12],[23],[44],[43],[11],[33],[19],[27],[28],[21],[20],[6],[13],[38],[46],[50],[39],[24],[10],[34],[42],[8],[7],[16],[49],[35],[32],[45],[22],[48],[17],[30],[37],[4],[36],[18],[5]]\}\
\
[[[18, 14, 16, 6, 28, 9, 19, 42, 30, 25, 23, 44, 4, 15, 29, 48, 27, 12, 22, 32, 26, 5, 45, 33, 8, 50, 38, 20, 1, 7, 3, 24, 46, 34, 31, 40, 47, 36, 10, 41, 43, 49, 2, 35, 39, 17, 13, 21, 37, 11], [42, 24, 49, 37, 32, 15, 33, 11, 25, 47, 6, 1, 35, 31, 17, 10, 44, 29, 7, 9, 50, 48, 12, 4, 22, 13, 34, 3, 21, 41, 2, 28, 5, 39, 16, 8, 30, 26, 18, 27, 40, 46, 45, 38, 20, 36, 14, 23, 19, 43], [47, 9, 25, 3, 29, 40, 26, 14, 1, 15, 2, 31, 41, 12, 23, 44, 43, 11, 33, 19, 27, 28, 21, 20, 6, 13, 38, 46, 50, 39, 24, 10, 34, 42, 8, 7, 16, 49, 35, 32, 45, 22, 48, 17, 30, 37, 4, 36, 18, 5]], 1070]\
\
26) Objective value =  1077.0\
\{[[23],[24],[42],[10],[38],[14],[6],[28],[19],[32],[29],[27],[49],[20],[12],[1],[48],[26],[41],[22],[2],[11],[46],[31],[40],[4],[8],[21],[17],[9],[43],[25],[16],[39],[3],[36],[18],[47],[45],[35],[5],[34],[37],[33],[50],[13],[44],[30],[15],[7]],[[37],[8],[22],[23],[16],[42],[15],[26],[14],[20],[47],[6],[18],[34],[10],[5],[44],[28],[1],[27],[31],[45],[25],[29],[17],[21],[19],[43],[49],[40],[2],[13],[12],[39],[3],[48],[7],[33],[24],[35],[9],[46],[32],[11],[36],[4],[38],[50],[41],[30]],[[40],[39],[3],[22],[50],[25],[8],[44],[15],[46],[4],[7],[28],[38],[47],[17],[19],[10],[21],[35],[11],[6],[37],[20],[30],[49],[34],[16],[12],[24],[48],[41],[29],[33],[1],[14],[2],[36],[43],[31],[5],[45],[13],[18],[9],[23],[26],[27],[32],[42]]\}\
\
[[[23, 24, 42, 10, 38, 14, 6, 28, 19, 32, 29, 27, 49, 20, 12, 1, 48, 26, 41, 22, 2, 11, 46, 31, 40, 4, 8, 21, 17, 9, 43, 25, 16, 39, 3, 36, 18, 47, 45, 35, 5, 34, 37, 33, 50, 13, 44, 30, 15, 7], [37, 8, 22, 23, 16, 42, 15, 26, 14, 20, 47, 6, 18, 34, 10, 5, 44, 28, 1, 27, 31, 45, 25, 29, 17, 21, 19, 43, 49, 40, 2, 13, 12, 39, 3, 48, 7, 33, 24, 35, 9, 46, 32, 11, 36, 4, 38, 50, 41, 30], [40, 39, 3, 22, 50, 25, 8, 44, 15, 46, 4, 7, 28, 38, 47, 17, 19, 10, 21, 35, 11, 6, 37, 20, 30, 49, 34, 16, 12, 24, 48, 41, 29, 33, 1, 14, 2, 36, 43, 31, 5, 45, 13, 18, 9, 23, 26, 27, 32, 42]], 1078]\
\
27) Objective value =  1162.0\
\{[[12],[46],[43],[50],[37],[25],[48],[20],[36],[44],[14],[42],[2],[33],[29],[6],[47],[1],[26],[27],[45],[24],[21],[3],[4],[38],[49],[35],[31],[5],[8],[9],[19],[18],[40],[7],[15],[10],[23],[32],[28],[39],[34],[17],[30],[41],[16],[11],[22],[13]],[[19],[31],[9],[5],[41],[50],[3],[34],[24],[46],[18],[17],[7],[26],[30],[39],[11],[21],[22],[32],[14],[12],[44],[48],[10],[16],[47],[2],[43],[15],[38],[35],[42],[33],[25],[29],[23],[4],[28],[49],[6],[13],[40],[20],[37],[27],[1],[8],[36],[45]],[[30],[37],[39],[10],[32],[44],[19],[23],[27],[28],[26],[48],[40],[3],[33],[8],[7],[25],[16],[11],[24],[17],[41],[5],[2],[34],[14],[6],[1],[13],[46],[15],[4],[47],[38],[49],[12],[50],[18],[20],[45],[22],[42],[36],[31],[35],[21],[29],[9],[43]]\}\
\
[[[12, 46, 43, 50, 37, 25, 48, 20, 36, 44, 14, 42, 2, 33, 29, 6, 47, 1, 26, 27, 45, 24, 21, 3, 4, 38, 49, 35, 31, 5, 8, 9, 19, 18, 40, 7, 15, 10, 23, 32, 28, 39, 34, 17, 30, 41, 16, 11, 22, 13], [19, 31, 9, 5, 41, 50, 3, 34, 24, 46, 18, 17, 7, 26, 30, 39, 11, 21, 22, 32, 14, 12, 44, 48, 10, 16, 47, 2, 43, 15, 38, 35, 42, 33, 25, 29, 23, 4, 28, 49, 6, 13, 40, 20, 37, 27, 1, 8, 36, 45], [30, 37, 39, 10, 32, 44, 19, 23, 27, 28, 26, 48, 40, 3, 33, 8, 7, 25, 16, 11, 24, 17, 41, 5, 2, 34, 14, 6, 1, 13, 46, 15, 4, 47, 38, 49, 12, 50, 18, 20, 45, 22, 42, 36, 31, 35, 21, 29, 9, 43]], 1163]\
\
28) Objective value =  973.0\
\{[[4],[43],[22],[46],[16],[11],[21],[5],[10],[32],[7],[17],[38],[30],[45],[19],[33],[13],[2],[37],[28],[29],[15],[50],[26],[39],[41],[42],[6],[35],[49],[12],[34],[27],[48],[9],[1],[25],[3],[24],[47],[31],[8],[14],[18],[36],[23],[40],[44],[20]],[[14],[5],[8],[36],[15],[9],[16],[35],[21],[49],[2],[1],[23],[26],[37],[42],[4],[6],[22],[10],[24],[11],[32],[13],[20],[47],[19],[3],[44],[17],[43],[48],[33],[29],[25],[34],[45],[30],[27],[46],[39],[28],[7],[50],[12],[18],[40],[31],[38],[41]],[[27],[9],[12],[33],[14],[5],[44],[25],[35],[20],[15],[2],[24],[26],[23],[3],[21],[48],[37],[7],[10],[16],[19],[43],[45],[13],[6],[41],[22],[42],[17],[1],[49],[18],[4],[8],[47],[40],[29],[46],[11],[50],[34],[39],[36],[31],[30],[32],[28],[38]]\}\
\
[[[4, 43, 22, 46, 16, 11, 21, 5, 10, 32, 7, 17, 38, 30, 45, 19, 33, 13, 2, 37, 28, 29, 15, 50, 26, 39, 41, 42, 6, 35, 49, 12, 34, 27, 48, 9, 1, 25, 3, 24, 47, 31, 8, 14, 18, 36, 23, 40, 44, 20], [14, 5, 8, 36, 15, 9, 16, 35, 21, 49, 2, 1, 23, 26, 37, 42, 4, 6, 22, 10, 24, 11, 32, 13, 20, 47, 19, 3, 44, 17, 43, 48, 33, 29, 25, 34, 45, 30, 27, 46, 39, 28, 7, 50, 12, 18, 40, 31, 38, 41], [27, 9, 12, 33, 14, 5, 44, 25, 35, 20, 15, 2, 24, 26, 23, 3, 21, 48, 37, 7, 10, 16, 19, 43, 45, 13, 6, 41, 22, 42, 17, 1, 49, 18, 4, 8, 47, 40, 29, 46, 11, 50, 34, 39, 36, 31, 30, 32, 28, 38]], 974]\
\
29) Objective value =  1032.0\
\{[[30],[7],[11],[28],[15],[47],[20],[10],[34],[27],[35],[12],[44],[41],[45],[31],[33],[38],[2],[32],[43],[19],[18],[50],[4],[8],[6],[5],[13],[42],[21],[39],[14],[49],[36],[26],[37],[3],[16],[23],[46],[24],[9],[17],[48],[25],[29],[22],[1],[40]],[[33],[43],[32],[6],[24],[4],[15],[8],[17],[31],[46],[21],[38],[23],[27],[18],[28],[42],[48],[3],[35],[26],[37],[1],[2],[39],[40],[20],[45],[13],[7],[25],[44],[16],[36],[5],[11],[41],[19],[29],[10],[50],[49],[14],[30],[9],[22],[47],[12],[34]],[[34],[13],[3],[18],[48],[26],[43],[12],[8],[38],[30],[33],[39],[24],[47],[29],[10],[35],[22],[41],[16],[20],[15],[49],[36],[6],[45],[42],[32],[40],[11],[1],[2],[17],[28],[27],[7],[4],[37],[19],[21],[46],[14],[5],[25],[23],[31],[50],[9],[44]]\}\
\
[[[30, 7, 11, 28, 15, 47, 20, 10, 34, 27, 35, 12, 44, 41, 45, 31, 33, 38, 2, 32, 43, 19, 18, 50, 4, 8, 6, 5, 13, 42, 21, 39, 14, 49, 36, 26, 37, 3, 16, 23, 46, 24, 9, 17, 48, 25, 29, 22, 1, 40], [33, 43, 32, 6, 24, 4, 15, 8, 17, 31, 46, 21, 38, 23, 27, 18, 28, 42, 48, 3, 35, 26, 37, 1, 2, 39, 40, 20, 45, 13, 7, 25, 44, 16, 36, 5, 11, 41, 19, 29, 10, 50, 49, 14, 30, 9, 22, 47, 12, 34], [34, 13, 3, 18, 48, 26, 43, 12, 8, 38, 30, 33, 39, 24, 47, 29, 10, 35, 22, 41, 16, 20, 15, 49, 36, 6, 45, 42, 32, 40, 11, 1, 2, 17, 28, 27, 7, 4, 37, 19, 21, 46, 14, 5, 25, 23, 31, 50, 9, 44]], 1033]\
\
30) Objective value =  987.0\
