Objective value =  2801.0
[[6,39,28,5,80,26,35,60,42,43,21,32,71,38,11,72,12,40,48,66,45,41,7,8,53,36,3,57,34,59,67,27,58,30,10,16,9,55,62,70,14,75,77,47,17,76,29,33,15,63,68,46,19,22,13,49,31,18,73,65,52,61,74,25,78,37,1,69,23,54,20,79,44,56,2,64,24,4,51,50],[45,49,3,15,19,68,47,35,77,23,79,4,67,46,14,72,10,25,18,24,30,11,53,55,33,78,2,38,75,40,5,60,52,59,61,62,42,16,43,9,63,8,36,7,64,17,69,80,41,39,57,44,74,76,34,66,27,20,48,12,71,58,31,13,37,51,56,65,22,28,73,32,54,6,50,21,1,70,26,29],[78,79,77,39,73,64,10,62,28,67,54,29,22,48,51,47,58,80,38,5,33,75,9,37,42,71,70,49,20,55,17,24,13,52,15,36,60,68,53,6,74,14,4,61,35,50,18,27,59,2,34,19,41,7,44,31,65,76,25,57,16,32,56,46,23,11,69,72,45,21,26,66,40,1,43,8,3,12,30,63]]


Objective value =  2675.0
[[2,10,36,8,44,69,27,30,22,7,57,68,67,28,70,56,46,31,76,39,12,37,66,41,49,6,64,60,33,3,50,38,34,55,62,45,16,59,42,19,5,63,72,1,20,54,14,52,78,23,24,47,75,73,71,40,21,32,15,61,79,58,9,13,26,17,18,43,25,48,65,51,53,4,74,77,29,80,11,35],[44,61,22,4,46,9,19,21,2,6,36,10,54,8,20,39,47,73,28,57,42,70,63,55,26,66,72,15,51,65,27,45,49,3,12,23,79,41,18,17,1,31,7,68,5,64,78,80,24,62,56,40,16,75,69,67,25,60,76,33,11,14,34,43,32,58,74,59,52,35,37,53,38,30,48,29,50,13,77,71],[69,56,59,15,9,23,63,14,38,11,80,7,74,34,48,36,51,40,17,26,75,79,62,66,55,35,78,67,54,37,70,44,61,39,77,30,58,46,65,27,32,68,25,19,22,53,43,57,12,72,13,50,28,41,73,10,71,52,1,33,47,2,16,4,3,29,76,31,21,8,60,64,5,24,42,18,45,49,6,20]]


Objective value =  2601.0
[[2,22,42,19,79,62,45,9,13,14,55,5,30,68,53,49,4,39,21,52,12,44,1,25,29,6,75,78,70,36,32,71,61,50,18,20,58,72,67,7,60,57,74,8,27,16,28,46,64,35,47,73,17,65,56,63,26,41,69,51,77,48,40,59,11,80,23,3,43,24,54,34,31,66,38,10,37,33,15,76],[7,65,18,9,34,14,33,30,8,46,67,29,23,13,68,16,76,49,37,40,28,5,51,22,80,70,43,31,21,74,35,50,41,78,52,55,56,12,64,66,73,2,32,77,75,79,36,63,47,1,60,48,71,42,61,3,38,11,25,57,24,58,15,62,4,59,54,20,27,53,26,72,44,10,45,19,17,6,69,39],[36,14,59,37,16,13,40,15,65,22,57,47,5,8,11,50,77,52,24,4,18,78,53,33,23,55,20,2,34,66,51,64,60,28,72,68,58,62,56,26,9,63,25,73,46,61,69,79,67,29,42,80,38,48,75,54,12,17,44,71,1,70,21,76,41,27,7,39,30,6,31,3,32,35,10,19,43,49,74,45]]


Objective value =  2817.0
[[7,76,72,77,8,53,55,26,54,20,31,34,23,66,30,78,52,29,17,69,36,3,56,44,35,12,46,16,21,18,41,51,5,70,49,45,71,2,59,58,42,62,61,43,33,37,65,47,67,4,50,60,22,11,13,27,57,63,28,14,64,68,80,75,40,38,73,25,32,19,79,6,10,74,24,48,9,39,1,15],[10,3,9,35,1,13,65,43,18,57,7,44,79,51,46,38,28,37,53,33,32,59,50,24,77,55,60,11,23,47,8,73,34,19,6,58,45,68,21,14,63,31,26,70,74,54,62,39,25,41,76,16,78,30,15,20,72,66,56,17,12,64,80,69,48,52,2,67,27,49,75,29,36,42,4,71,22,40,5,61],[20,59,17,5,50,35,53,63,37,10,4,27,48,43,75,74,72,23,15,76,25,19,34,77,26,14,80,70,2,68,31,12,73,30,71,24,16,45,52,78,65,58,66,22,54,8,11,6,61,38,39,55,21,1,33,41,62,79,49,46,51,69,44,64,9,57,29,40,56,36,13,47,32,18,3,7,60,28,67,42]]


Objective value =  2717.0
[[23,17,49,15,45,44,51,48,39,36,69,63,5,22,16,41,19,43,18,4,57,62,29,66,59,25,26,21,35,7,67,74,71,27,47,80,11,55,38,79,61,60,8,54,10,33,2,6,72,14,56,13,28,9,58,34,65,1,42,24,64,53,76,68,31,78,77,30,75,12,52,40,73,37,3,32,20,50,46,70],[32,27,64,59,30,68,31,65,19,57,45,16,66,39,5,46,37,22,43,50,33,52,8,3,40,4,44,36,1,53,20,67,47,11,76,72,38,29,79,77,18,48,56,28,41,35,6,13,24,21,2,49,42,15,61,70,62,7,25,10,74,9,12,69,60,73,58,23,71,26,75,55,54,17,14,80,51,63,34,78],[42,9,10,5,13,21,12,3,30,23,2,4,14,11,22,71,39,59,58,57,32,75,51,70,33,65,16,60,1,43,45,19,25,66,78,44,46,49,79,29,56,47,37,28,52,40,69,74,8,68,55,27,73,53,67,17,36,72,20,50,77,54,80,34,48,76,64,18,26,35,41,7,24,31,62,63,61,6,38,15]]


Objective value =  2652.0
[[8,14,63,80,6,58,50,5,22,61,11,23,54,42,44,7,36,52,32,62,16,78,26,74,60,3,4,29,40,47,67,9,71,2,49,55,41,15,1,68,43,72,39,33,12,19,13,48,65,56,25,45,59,35,24,70,38,66,18,27,76,57,31,37,20,30,17,46,21,75,28,10,34,64,69,77,79,53,73,51],[57,9,48,42,7,28,38,64,4,13,5,62,69,76,72,39,53,49,25,12,10,36,51,40,73,43,35,44,23,22,75,74,18,41,54,66,27,60,45,46,24,68,67,32,52,80,20,56,15,14,33,8,70,61,3,21,17,29,55,19,63,34,2,37,59,30,16,77,78,26,11,1,47,6,58,79,71,50,65,31],[72,60,50,20,40,22,53,26,67,5,39,79,47,6,56,49,29,19,28,74,32,59,7,13,25,27,38,42,9,12,34,61,69,8,63,31,71,62,43,21,44,76,3,37,70,33,54,51,68,52,17,55,57,75,66,78,58,15,18,16,80,41,11,73,35,23,45,64,24,77,65,46,14,10,30,4,2,36,1,48]]


Objective value =  2908.0
[[10,8,52,58,16,29,27,1,69,40,48,39,65,3,6,56,5,68,74,63,77,78,44,64,36,51,35,79,57,7,33,49,12,41,76,70,73,60,34,61,80,53,11,32,19,54,47,38,62,66,9,71,42,4,31,17,45,21,20,22,26,37,25,43,18,75,13,24,55,14,28,59,46,72,2,23,50,30,67,15],[30,25,9,5,71,13,17,75,18,31,65,50,23,24,70,8,46,34,43,16,52,73,66,41,2,29,11,27,42,63,28,39,32,15,53,56,61,7,22,74,36,26,44,51,60,4,35,67,20,62,37,69,14,10,38,1,64,19,54,59,40,68,21,12,80,78,72,49,6,3,47,55,57,77,76,79,33,58,45,48],[50,21,48,28,8,30,12,34,38,27,49,20,24,55,58,41,31,19,69,2,67,13,5,22,65,63,4,59,52,11,14,43,53,36,37,46,3,42,51,10,56,17,6,64,62,60,18,7,66,68,77,74,15,47,71,79,78,23,61,29,32,76,70,45,54,80,57,39,44,25,26,75,35,16,40,73,72,33,1,9]]


Objective value =  2681.0
[[36,19,55,20,38,4,74,47,27,69,50,9,30,45,7,31,58,79,17,52,42,54,25,10,65,28,77,80,59,37,15,22,63,73,61,32,66,43,51,8,12,49,78,23,34,5,62,75,16,72,40,2,26,3,67,46,39,35,33,41,68,64,56,14,29,76,18,57,11,60,70,13,21,1,6,71,44,53,48,24],[67,8,56,12,55,37,41,64,4,27,14,49,52,36,17,29,15,35,30,21,68,63,59,65,76,72,6,73,77,62,10,42,18,2,70,19,11,39,71,3,74,34,16,43,47,58,51,80,24,78,69,45,57,7,38,79,53,1,48,13,5,20,75,40,9,66,60,31,50,28,32,26,23,33,25,61,22,44,46,54],[74,46,10,44,1,77,5,25,58,79,80,6,40,12,26,43,55,78,56,51,41,64,8,54,35,33,30,68,73,29,62,16,18,28,36,63,75,20,61,31,59,32,45,38,17,53,50,47,72,52,60,19,11,37,15,7,42,71,14,23,22,48,21,69,66,49,2,9,70,27,65,4,67,13,3,39,24,57,34,76]]


Objective value =  2567.0
[[5,61,18,25,46,7,50,49,13,41,16,11,26,64,55,78,30,67,70,15,20,12,24,57,72,31,29,39,43,71,63,68,54,80,74,35,10,27,69,9,77,65,32,6,8,28,53,56,52,45,19,62,75,34,73,60,23,42,38,51,44,48,4,36,2,1,37,21,66,47,33,76,3,79,59,17,22,58,40,14],[57,5,47,6,73,16,3,68,31,28,18,8,61,7,78,62,67,39,63,55,9,33,4,37,20,1,60,80,46,36,35,76,50,30,77,53,32,11,22,24,44,45,34,27,75,40,25,23,10,56,70,71,48,38,12,64,54,74,14,52,66,59,69,17,65,15,19,43,49,79,21,51,13,29,58,26,2,72,42,41],[75,53,23,41,20,27,21,47,10,13,19,9,50,70,69,79,80,42,65,32,29,61,63,18,16,39,6,56,43,77,37,35,31,30,55,14,49,57,36,62,17,1,71,58,15,3,51,46,67,44,22,73,40,64,7,2,8,74,66,4,54,11,45,38,60,33,52,78,48,25,26,72,68,24,12,34,59,5,76,28]]


Objective value =  2559.0
[[6,55,3,12,39,51,1,80,2,76,11,54,5,35,14,71,69,52,49,15,48,21,60,27,64,29,74,73,70,26,57,7,37,23,65,43,19,66,46,50,61,31,9,53,63,62,17,67,33,42,79,38,34,58,41,75,77,45,13,56,59,72,47,68,32,16,36,18,24,40,44,8,30,78,25,22,28,20,10,4],[17,49,18,58,37,60,46,11,3,44,56,2,65,64,25,23,59,34,48,19,52,70,76,20,54,39,32,40,27,4,21,33,13,24,53,61,8,68,43,15,55,28,36,6,45,38,50,71,1,63,75,72,57,42,9,29,78,77,66,30,62,47,10,69,7,79,16,41,80,73,5,74,67,22,35,26,31,51,12,14],[58,20,71,77,33,1,24,74,5,56,49,52,37,54,27,68,26,13,23,42,18,35,32,51,15,36,17,29,63,21,31,43,3,45,7,44,55,34,60,46,79,73,25,70,22,67,12,9,76,10,11,19,38,69,62,41,14,66,61,75,16,72,39,48,47,30,8,6,59,2,50,57,65,64,78,53,4,80,40,28]]


Objective value =  2594.0
[[19,67,50,61,32,9,54,64,38,25,7,21,49,66,76,42,60,80,43,36,11,74,20,34,39,79,72,18,73,77,59,69,53,1,65,44,27,5,46,45,3,33,12,22,30,26,63,71,23,10,4,51,70,15,6,40,47,75,13,16,57,48,29,78,31,14,17,62,24,56,35,28,41,8,58,52,68,37,2,55],[34,53,37,51,19,38,40,49,31,39,50,70,20,18,44,27,54,15,26,21,3,74,4,28,33,48,24,16,65,55,57,59,79,67,75,23,68,62,72,1,73,22,64,2,13,69,42,46,30,58,6,45,41,43,14,12,80,78,71,52,63,36,61,17,60,32,35,56,77,7,9,47,29,25,10,5,66,8,76,11],[48,55,38,13,46,68,53,17,18,67,73,34,39,9,24,20,11,41,78,10,21,64,66,57,36,27,80,71,70,22,77,23,42,35,44,69,40,56,15,3,37,5,79,29,47,63,49,33,32,72,54,31,76,7,61,65,26,6,19,50,16,8,58,4,12,52,43,75,30,2,45,51,74,25,60,28,14,1,59,62]]


Objective value =  2763.0
[[57,4,11,38,21,73,18,25,10,36,27,78,37,72,16,35,70,66,44,19,7,41,34,5,8,49,33,79,30,80,15,71,56,32,77,55,58,12,23,14,76,52,9,1,64,40,60,67,61,28,63,54,31,42,3,53,26,22,43,75,65,74,6,68,29,50,20,51,45,46,47,62,17,13,69,39,48,59,24,2],[71,52,80,44,17,15,29,46,38,18,48,60,26,30,23,49,3,37,53,12,66,6,34,32,40,9,69,8,2,59,70,19,28,50,20,51,77,31,41,4,33,76,24,72,54,65,45,61,75,62,73,25,67,36,74,27,13,21,39,5,68,1,43,7,79,64,56,11,57,16,63,10,35,55,42,58,47,14,78,22],[76,41,8,48,26,16,35,17,56,34,65,61,22,59,80,42,24,10,63,32,9,15,71,29,11,23,62,49,20,31,3,21,44,14,58,47,46,6,30,37,40,28,39,1,45,25,33,19,73,60,55,64,77,66,52,69,27,78,43,79,54,5,53,2,67,4,12,7,68,72,38,75,13,57,51,74,70,18,36,50]]


Objective value =  2607.0
[[15,51,13,41,35,46,31,19,72,4,11,47,42,71,3,23,65,7,20,69,63,28,53,37,34,49,44,64,78,60,80,68,54,56,59,76,79,12,55,9,57,32,39,25,62,58,2,73,33,45,50,77,17,6,29,67,52,10,38,18,70,66,8,22,36,30,43,5,48,16,40,27,21,1,61,26,14,75,74,24],[19,26,49,62,75,1,9,72,38,27,39,34,42,60,63,53,2,77,69,50,55,35,45,13,12,79,80,25,73,56,30,74,43,29,67,24,46,48,20,4,3,47,36,51,31,32,52,11,65,5,17,58,41,7,6,71,44,68,78,15,14,76,18,66,8,33,54,21,57,37,64,70,61,23,28,22,59,10,16,40],[35,34,71,42,33,69,70,52,74,8,7,37,26,32,40,2,61,76,22,12,51,13,1,39,63,77,64,44,5,27,9,29,56,68,49,58,55,50,80,41,73,67,21,47,23,78,57,36,53,54,66,65,60,10,17,25,15,62,4,30,38,48,45,79,16,31,59,3,75,14,20,28,19,11,6,18,24,72,46,43]]


Objective value =  2816.0
[[15,7,28,5,20,12,18,43,47,37,33,10,60,68,17,36,8,70,53,16,27,56,42,35,11,52,75,46,13,77,55,9,74,44,6,22,64,32,49,2,31,21,30,63,59,4,78,3,48,80,24,14,72,58,66,19,73,61,62,45,51,76,23,26,40,69,67,57,79,29,54,50,71,1,34,38,39,65,25,41],[29,61,25,26,76,53,36,34,66,72,16,32,40,38,30,56,68,59,55,78,17,10,52,18,73,14,70,41,58,42,19,54,27,63,20,33,21,60,12,51,8,49,48,57,6,24,62,5,4,31,39,46,74,15,2,13,64,22,80,37,47,43,67,69,71,35,7,23,75,65,77,79,28,50,3,11,9,1,44,45],[46,3,69,71,15,14,80,62,28,24,5,10,37,48,76,33,19,60,66,38,23,35,47,7,55,42,18,41,44,32,67,45,43,4,22,52,20,56,1,11,61,9,54,30,26,63,72,50,68,57,53,34,29,40,49,13,39,58,27,21,12,64,59,75,6,51,17,74,79,36,8,70,2,77,65,25,73,16,31,78]]


Objective value =  2671.0
[[15,60,69,67,73,59,8,38,40,43,71,52,53,56,46,30,22,55,9,77,66,42,12,68,26,34,36,58,72,75,13,50,57,17,21,25,37,23,49,45,33,31,19,29,61,11,79,70,48,14,62,47,51,76,44,39,54,1,64,4,24,41,3,65,18,74,35,20,6,5,80,10,28,27,63,16,32,2,7,78],[31,55,9,1,6,23,69,17,62,72,15,36,76,29,57,26,3,65,25,38,50,68,20,32,14,63,66,37,80,16,70,44,45,35,8,5,41,73,79,54,67,43,11,60,61,18,47,56,28,64,19,21,33,46,59,12,58,22,52,49,77,27,2,51,13,53,78,7,4,71,10,48,24,30,40,42,74,75,39,34],[68,75,3,57,26,69,40,47,1,4,44,8,19,45,36,18,73,78,12,56,72,6,39,51,74,48,30,35,24,52,2,43,13,9,58,55,22,65,76,32,10,71,23,79,77,66,27,28,11,21,63,25,16,54,15,60,38,62,29,34,14,49,59,80,31,7,67,17,33,70,42,53,20,5,41,61,50,64,46,37]]


Objective value =  2799.0
[[8,67,57,10,49,27,3,26,47,17,56,70,9,37,65,42,11,28,30,36,64,46,5,74,77,20,31,19,41,55,40,39,48,2,79,69,53,35,62,50,59,68,76,44,71,45,75,29,61,60,1,33,34,52,14,6,12,58,13,25,16,72,23,4,38,66,54,73,18,21,78,51,22,80,24,7,15,63,43,32],[37,33,16,1,43,17,29,53,10,70,23,39,47,78,14,35,4,12,52,3,67,68,8,2,34,36,44,32,31,54,6,38,18,80,27,25,59,73,15,51,57,71,9,58,72,74,41,30,7,63,22,62,75,65,46,69,64,77,50,42,79,13,5,21,11,49,48,76,60,45,28,26,61,56,24,66,40,19,20,55],[61,50,52,1,48,71,18,68,8,59,17,2,36,78,58,64,66,15,22,45,32,72,29,16,80,28,63,10,56,51,11,75,21,62,49,47,20,39,57,37,55,40,33,6,65,12,41,24,30,14,79,67,74,3,54,53,23,27,70,7,25,76,44,4,77,60,34,31,42,9,38,73,26,35,13,69,46,19,43,5]]


Objective value =  2783.0
[[15,61,11,26,46,4,30,13,17,14,45,53,19,43,16,2,31,35,47,38,69,75,7,27,42,34,40,36,20,39,52,73,70,64,80,1,32,67,60,25,41,28,78,74,33,49,72,22,18,76,79,9,59,24,55,62,50,6,77,23,51,68,37,10,44,5,54,63,71,12,65,58,48,66,8,29,3,56,21,57],[37,65,80,14,22,51,28,49,78,33,52,64,36,31,17,58,12,50,53,26,63,19,32,27,62,6,8,4,21,15,60,29,38,45,61,56,34,44,18,23,55,54,10,67,25,16,11,5,69,24,41,76,13,3,7,70,57,42,79,39,74,71,35,40,68,1,2,30,20,43,73,46,47,72,48,75,66,77,59,9],[45,46,12,68,49,29,1,15,65,53,44,26,2,28,32,10,57,4,3,20,9,16,21,63,76,67,69,38,77,61,37,70,71,50,51,23,47,80,8,19,40,66,5,27,33,48,64,7,13,75,56,25,31,60,24,54,14,59,6,39,18,58,43,42,72,79,30,34,35,22,62,41,55,17,11,78,36,74,52,73]]


Objective value =  2552.0
[[29,30,80,74,20,4,61,8,11,46,6,58,9,47,13,35,45,23,50,22,14,75,76,5,59,73,10,1,34,60,54,33,2,52,41,63,66,32,36,12,21,57,48,72,79,37,31,62,18,77,27,71,70,19,25,43,55,15,44,68,16,64,28,38,78,24,40,69,53,17,67,26,42,3,7,39,56,51,65,49],[58,41,63,80,39,59,20,74,23,31,1,48,68,79,3,10,42,72,8,37,44,47,36,45,50,11,57,32,49,7,29,53,73,71,14,12,34,16,25,78,22,18,70,26,52,61,40,65,35,19,27,67,66,30,15,33,55,76,75,2,6,69,9,56,17,54,4,77,24,46,60,21,64,38,62,5,51,43,28,13],[64,62,59,46,23,10,36,39,72,16,7,79,19,17,28,55,67,45,51,61,44,11,76,48,34,41,65,14,74,78,47,12,54,37,53,15,8,21,2,1,3,66,9,49,29,5,13,52,22,50,4,20,69,73,71,26,33,42,18,58,30,25,70,60,31,24,6,56,27,68,80,77,35,32,75,43,38,40,57,63]]


Objective value =  2600.0
[[5,31,28,72,21,76,70,1,29,12,2,46,6,45,59,50,80,61,60,25,42,16,3,52,35,15,17,56,40,4,11,24,27,18,66,39,13,79,78,64,54,48,51,44,34,7,37,19,22,53,58,69,36,55,68,38,20,63,65,8,14,67,75,62,47,49,77,30,32,74,10,43,9,57,71,41,73,26,23,33],[14,72,59,28,34,80,77,1,30,56,52,53,45,15,11,47,62,75,51,17,6,54,8,33,63,78,74,5,22,79,29,66,26,42,38,58,76,44,70,2,64,19,61,68,27,49,48,73,9,4,67,24,3,71,65,16,35,13,25,46,50,40,39,43,37,55,69,12,10,36,57,18,41,23,7,60,21,31,32,20],[71,2,11,67,56,34,9,59,23,35,73,62,20,58,70,76,29,57,21,63,50,32,4,53,41,66,52,8,42,27,5,44,43,69,26,16,1,30,28,79,7,24,15,10,33,55,64,51,12,78,22,77,14,45,6,19,39,72,18,75,60,17,36,46,65,54,37,74,25,61,3,31,13,38,40,68,80,47,49,48]]


Objective value =  2583.0
[[43,44,53,76,78,52,8,79,67,80,47,65,20,58,56,48,2,50,61,25,1,34,13,15,10,36,11,7,54,72,38,33,68,39,26,21,23,31,9,40,42,16,6,18,57,35,59,77,64,5,51,12,3,32,66,69,55,73,24,22,19,63,30,46,29,60,74,71,49,45,62,4,75,27,17,41,70,37,14,28],[64,32,31,40,39,72,16,15,46,71,26,5,66,61,33,63,23,44,24,57,8,17,60,25,14,34,73,43,70,2,4,1,28,51,69,47,50,35,56,55,76,41,75,36,9,52,7,65,42,53,68,13,58,12,49,45,38,48,62,11,27,29,20,37,22,67,54,10,80,79,74,18,6,3,78,30,21,19,59,77],[78,16,51,14,64,28,46,76,43,42,32,11,79,23,61,15,26,29,57,63,31,17,47,54,75,34,60,50,35,69,22,10,44,68,80,13,41,9,45,53,74,77,5,12,8,25,19,70,48,39,4,7,27,37,55,30,24,65,20,3,59,49,72,18,56,71,40,52,1,58,21,6,73,66,36,38,67,62,2,33]]


Objective value =  2713.0
[[9,36,46,4,23,72,54,51,35,29,27,30,64,13,5,24,2,62,34,44,6,32,55,61,58,78,45,47,73,41,8,53,57,17,79,28,56,43,7,76,11,22,14,66,52,16,71,77,67,39,38,26,65,10,70,59,1,37,80,68,49,21,19,69,60,40,20,42,25,18,31,48,3,74,75,12,50,33,15,63],[35,41,32,15,1,62,69,6,24,40,19,17,47,26,9,68,43,20,64,16,13,23,29,2,33,28,39,8,31,14,61,48,77,21,80,58,79,25,7,22,73,55,54,74,46,45,44,18,37,71,34,5,3,63,12,10,60,67,11,38,70,65,76,49,66,42,56,51,72,4,75,50,27,57,30,53,59,36,78,52],[72,22,73,64,32,59,37,57,14,49,26,2,45,52,78,5,30,31,79,34,15,65,60,68,27,1,7,36,39,13,63,12,80,35,55,9,41,24,58,48,46,50,67,38,11,75,6,16,56,33,74,29,20,66,69,54,70,18,25,61,10,76,40,21,8,23,28,4,3,71,17,62,44,77,19,43,47,51,42,53]]


Objective value =  2757.0
[[29,18,39,23,2,27,12,55,14,31,71,58,22,68,45,62,75,64,30,66,4,7,32,53,63,42,72,36,33,17,69,79,54,41,26,56,15,28,20,21,8,34,19,65,25,46,60,49,57,51,3,10,43,11,37,67,47,59,70,74,61,77,50,13,52,78,73,24,6,1,16,35,40,5,44,76,80,38,48,9],[66,23,18,31,4,38,80,7,58,30,77,48,14,26,17,79,51,12,60,45,57,54,16,67,2,41,3,35,20,44,78,63,34,50,22,6,5,76,75,9,65,55,64,27,36,40,56,8,15,72,25,32,49,59,62,24,13,37,74,39,61,11,69,29,73,1,46,42,70,43,10,47,28,52,68,21,71,19,33,53],[75,62,48,19,50,74,24,15,33,5,56,58,39,44,3,37,72,52,71,69,6,28,7,53,65,14,22,30,2,70,49,10,32,13,26,36,18,4,9,79,17,38,27,59,55,35,1,8,67,47,29,21,57,61,34,60,16,43,40,77,54,12,51,73,41,11,25,64,78,45,76,46,23,42,66,68,31,80,63,20]]


Objective value =  2605.0
[[3,24,36,5,8,42,52,13,71,29,77,63,75,21,41,18,25,78,47,67,72,26,43,22,10,65,64,38,61,11,16,79,34,33,46,6,49,56,60,62,30,23,66,44,28,2,19,57,14,53,40,39,70,48,17,55,59,15,20,32,80,51,1,45,4,7,73,35,50,54,76,69,27,12,58,31,37,9,68,74],[54,60,4,28,12,51,22,65,80,27,70,13,47,74,19,41,46,33,53,66,76,78,36,40,34,29,77,62,63,48,32,39,79,26,73,6,7,30,9,75,56,2,38,71,11,8,37,17,31,18,52,58,43,14,5,35,49,24,44,59,72,64,68,55,23,57,42,10,69,50,61,67,3,16,21,25,45,1,20,15],[65,27,57,7,55,39,19,77,11,46,34,36,75,21,47,78,73,2,48,70,33,56,64,61,40,14,41,22,72,67,5,15,16,54,79,66,62,51,28,68,74,4,20,76,43,17,9,32,1,8,63,59,24,42,50,6,58,29,38,12,35,45,44,25,52,37,60,23,30,53,49,31,13,26,18,3,10,80,71,69]]


Objective value =  2744.0
[[43,74,52,77,59,68,12,21,20,7,38,62,18,78,36,1,34,58,22,9,40,29,32,50,15,55,63,72,10,19,66,2,75,76,69,46,23,71,60,14,80,13,28,39,70,61,65,41,54,11,73,44,16,53,67,45,51,24,42,47,27,33,79,35,57,26,64,4,49,31,6,30,25,3,17,48,5,56,37,8],[48,9,10,27,75,45,20,62,80,44,24,15,40,14,30,18,52,65,22,35,34,4,31,51,23,32,11,66,26,33,17,13,6,55,73,78,29,79,71,77,8,60,12,46,54,61,50,47,7,74,49,38,58,39,56,76,21,1,19,5,3,37,43,2,64,72,57,59,70,63,67,28,25,36,16,42,53,69,41,68],[49,3,66,30,34,5,50,78,19,1,76,21,31,67,51,47,38,22,4,46,64,69,6,10,14,55,13,18,60,32,24,43,41,26,36,11,27,77,12,54,33,37,15,73,42,61,80,63,59,72,8,53,40,7,70,28,20,65,17,23,44,48,16,52,74,71,75,45,68,2,35,58,79,9,25,39,29,62,57,56]]


Objective value =  2860.0
[[5,77,52,30,20,48,73,45,49,37,15,31,21,61,63,39,22,74,59,27,47,8,56,1,12,41,25,28,34,54,35,16,58,50,7,60,55,62,18,72,2,26,57,9,66,51,38,64,4,24,75,3,70,19,76,10,79,33,68,32,80,78,46,23,69,29,44,6,11,71,13,65,43,53,40,67,14,42,17,36],[39,56,62,65,6,50,12,52,46,80,67,43,5,14,49,54,55,70,64,11,28,73,77,40,31,26,37,15,29,42,18,38,79,24,9,8,53,2,19,58,51,27,17,34,74,1,66,10,71,20,76,35,60,25,41,69,72,32,57,59,13,36,45,21,75,3,78,47,16,33,7,22,4,48,61,30,23,63,68,44],[80,29,57,9,24,37,17,35,4,1,66,3,62,23,61,11,38,46,13,20,42,31,32,69,5,68,36,77,53,71,52,34,25,48,7,50,15,49,51,72,63,76,79,54,19,21,64,12,59,40,8,60,55,30,67,78,65,56,75,18,44,27,74,2,6,47,14,28,41,43,70,22,26,39,10,73,58,33,45,16]]


Objective value =  2610.0
[[2,12,59,11,8,62,76,80,23,42,9,15,58,7,78,44,43,73,71,31,63,51,69,40,17,55,53,29,47,38,56,48,46,10,66,57,41,70,45,5,33,60,3,61,54,72,74,36,19,39,35,52,22,16,50,14,68,18,20,32,1,34,77,28,79,65,27,13,21,64,26,49,6,24,67,30,4,25,37,75],[8,34,24,22,5,72,73,76,45,3,20,74,16,58,53,37,32,55,23,15,50,62,38,57,51,71,56,46,44,63,59,11,61,13,26,4,2,7,67,25,49,43,35,70,28,78,54,39,80,9,19,12,52,48,30,36,14,77,1,41,33,27,47,18,66,65,69,68,60,6,75,40,21,64,10,17,29,79,42,31],[14,64,21,2,3,62,40,31,47,18,48,56,13,72,39,53,22,32,43,44,4,74,77,26,45,61,33,11,15,54,25,5,7,80,19,1,37,71,10,65,59,6,51,66,28,36,50,68,73,9,55,42,57,23,69,70,12,27,67,30,24,79,34,8,76,16,78,63,29,17,75,60,35,46,20,58,41,52,38,49]]


Objective value =  2901.0
[[4,12,34,49,55,17,39,78,71,70,18,40,62,28,19,3,30,20,26,65,15,7,22,36,42,51,54,46,56,77,16,53,43,59,67,11,10,5,25,68,52,38,79,24,66,21,60,8,31,69,74,73,35,9,58,47,64,2,61,6,72,48,29,50,41,80,75,27,76,45,14,37,57,33,44,63,32,1,13,23],[13,53,20,62,19,76,75,31,64,24,2,38,3,47,9,27,40,30,35,34,65,45,56,46,16,61,67,12,78,32,10,51,73,44,74,71,68,25,63,77,29,48,5,41,21,39,59,60,58,18,15,14,33,1,37,79,80,52,55,4,54,69,26,49,43,36,42,8,28,11,23,70,6,17,50,22,7,57,72,66],[19,63,70,31,52,8,10,15,13,3,21,29,14,41,67,7,48,47,55,58,18,54,64,2,6,25,11,35,32,27,23,40,68,57,74,50,79,69,53,44,1,9,76,26,36,45,51,60,61,5,43,20,37,46,4,65,66,24,77,30,56,39,33,72,34,80,42,12,17,38,28,59,22,73,78,62,16,49,71,75]]


Objective value =  2886.0
[[10,1,9,5,28,75,62,45,13,58,3,77,50,30,43,53,36,21,41,8,44,12,31,15,34,70,7,35,33,48,54,69,80,32,56,64,22,76,25,38,52,57,17,39,79,46,67,78,71,66,29,42,73,23,49,59,40,24,16,63,74,20,60,72,11,55,2,68,26,37,4,14,61,6,18,65,51,19,47,27],[46,21,12,1,18,38,10,39,72,31,8,20,11,4,2,57,42,65,29,56,23,55,19,60,35,79,37,51,36,77,63,74,33,75,70,48,67,71,9,50,32,64,76,68,13,69,80,44,66,34,6,53,73,61,58,22,17,26,41,40,28,59,49,27,43,14,78,24,62,30,52,7,16,15,45,3,25,54,5,47],[64,41,33,3,21,14,67,18,44,34,9,30,69,53,8,6,42,25,32,22,7,17,24,27,40,11,59,37,5,31,65,49,68,72,38,19,74,58,57,78,43,10,45,60,61,76,35,26,4,62,28,50,13,77,52,23,1,51,46,73,63,2,47,79,70,55,80,15,39,48,66,20,36,29,12,54,56,71,75,16]]


Objective value =  2763.0
[[19,30,42,45,53,79,16,64,6,40,68,48,33,74,65,13,46,41,59,56,29,4,25,50,61,27,15,37,69,66,80,52,12,57,63,75,28,34,20,24,5,7,70,49,51,77,2,3,71,1,14,31,60,76,39,36,38,35,23,32,72,47,8,44,78,43,67,22,17,18,54,9,26,10,21,73,11,55,62,58],[32,59,34,72,7,68,44,3,53,25,8,18,54,20,21,10,14,17,41,63,51,46,67,30,28,39,15,62,57,5,42,9,11,26,79,31,23,40,12,78,52,55,27,50,2,45,33,36,61,16,66,24,6,80,65,60,69,49,35,74,76,58,29,77,1,75,56,13,19,4,48,73,64,43,71,38,37,22,47,70],[51,1,50,79,64,33,45,37,41,21,29,30,49,25,26,32,52,58,3,57,38,70,13,40,47,20,55,17,63,16,76,42,75,44,8,10,7,80,78,71,73,19,61,24,9,28,74,60,14,4,69,43,35,59,62,56,5,6,48,46,77,72,23,34,68,22,18,31,12,54,27,2,36,65,15,67,11,53,39,66]]


Objective value =  2791.0
[[27,38,13,12,50,44,37,29,9,26,56,23,54,31,79,42,20,80,36,46,57,17,55,62,7,45,64,16,19,65,74,32,14,75,52,69,4,72,24,2,28,43,15,1,35,22,25,48,34,71,68,39,8,41,61,51,18,59,21,53,47,73,30,6,60,11,40,58,5,66,78,63,77,33,76,49,10,70,3,67],[48,33,41,60,7,1,54,61,55,23,67,29,8,66,45,6,28,58,57,47,70,56,63,26,37,14,20,49,42,2,44,18,35,71,36,59,38,31,32,50,34,52,65,13,69,19,21,75,24,10,43,12,51,4,64,3,76,30,78,68,74,27,53,9,80,22,25,40,72,79,11,39,16,77,62,17,15,5,73,46],[69,38,35,9,32,34,61,57,78,49,17,77,62,18,72,48,74,12,80,30,70,39,71,19,63,36,26,41,31,33,45,53,15,40,16,56,46,24,55,8,6,20,73,54,65,52,14,58,67,76,37,27,22,23,21,5,10,60,64,11,3,25,13,28,59,43,2,47,42,7,68,79,4,50,44,51,1,75,29,66]]


Objective value =  2586.0
[[41,53,29,54,47,40,11,49,20,7,34,14,52,33,70,48,45,32,5,62,68,74,69,66,64,67,37,12,17,30,43,15,72,56,2,38,36,60,28,51,76,13,80,58,10,35,19,61,9,63,4,65,22,55,3,42,75,27,78,57,46,31,44,21,71,77,1,59,79,8,18,39,26,73,50,16,6,24,23,25],[48,21,53,13,1,27,6,35,26,52,36,68,25,17,7,29,79,61,64,74,80,34,39,41,12,19,70,78,20,24,31,50,23,45,67,71,47,51,57,14,37,58,65,66,77,56,72,63,54,28,60,10,32,40,3,33,5,43,59,38,2,46,15,30,75,69,55,49,73,62,9,76,22,18,44,4,11,8,42,16],[48,22,74,27,42,31,41,46,53,16,58,21,15,45,64,49,32,61,36,40,38,8,3,67,9,7,37,25,69,34,57,75,1,63,23,51,35,47,20,65,73,33,72,26,11,13,5,18,62,30,79,17,71,6,60,78,68,77,55,43,39,56,54,4,14,10,24,50,70,52,80,66,44,2,12,76,28,29,19,59]]


Objective value =  2767.0
[[3,13,9,55,44,78,43,19,31,49,15,80,12,6,47,4,60,73,10,16,74,5,70,69,68,24,42,61,22,51,8,23,39,35,46,2,54,29,41,59,33,77,40,58,18,50,57,25,17,66,32,38,64,48,71,27,79,34,26,37,52,72,11,75,36,1,7,20,56,21,62,14,30,53,65,28,76,67,45,63],[10,20,36,1,61,67,65,9,6,63,64,74,58,66,29,79,11,34,37,2,56,51,44,78,68,77,8,48,59,18,57,26,38,69,53,40,70,4,62,13,43,76,49,39,14,25,22,42,12,46,55,75,45,52,80,27,7,33,72,19,32,41,31,54,28,60,71,47,24,17,73,50,30,16,3,15,35,23,5,21],[36,9,18,15,71,22,69,59,24,19,10,5,40,29,45,33,2,34,8,6,23,76,56,13,57,37,77,75,1,26,70,21,60,16,46,55,65,7,47,62,66,32,38,48,63,52,80,3,39,54,73,67,31,78,14,64,25,79,30,42,28,68,12,44,74,51,49,27,72,11,61,17,50,20,43,58,4,53,41,35]]


Objective value =  2744.0
[[27,32,58,37,6,17,19,11,67,54,1,53,8,23,15,24,9,20,2,50,10,45,16,65,39,68,52,64,76,29,59,79,26,48,38,75,5,60,3,36,4,14,21,63,69,66,44,22,73,57,74,56,55,35,62,49,42,46,72,70,13,31,18,28,43,41,47,25,77,12,61,30,40,71,78,34,80,33,7,51],[29,23,30,37,35,59,34,40,60,6,53,28,7,24,43,57,71,12,41,39,26,69,42,75,38,68,19,21,8,50,36,17,72,62,20,15,10,51,58,61,1,33,45,5,14,65,25,54,44,18,47,11,4,55,67,22,3,27,2,63,76,16,66,77,74,80,52,46,70,73,9,49,13,78,48,64,79,56,32,31],[44,30,45,9,47,57,25,76,10,41,78,23,62,31,77,43,46,32,50,42,40,56,38,7,51,26,74,19,37,33,6,21,11,65,35,34,79,67,60,5,66,75,36,12,39,55,15,71,27,1,54,13,70,64,48,68,58,24,22,18,14,3,17,4,16,53,8,73,69,49,2,20,63,59,28,72,52,80,61,29]]


Objective value =  2636.0
[[34,45,25,29,7,19,58,13,1,16,72,78,51,33,40,2,54,50,41,39,43,4,32,3,35,49,20,66,64,71,67,17,53,9,69,75,38,23,65,27,6,74,47,22,31,46,5,28,79,30,59,10,37,80,76,15,77,70,44,14,12,62,24,42,18,57,36,26,56,55,63,21,68,52,48,8,11,61,60,73],[47,31,11,22,23,18,72,35,44,6,74,67,4,65,1,45,50,63,28,26,9,34,16,13,12,43,71,30,8,61,53,76,40,68,37,49,78,5,7,70,42,55,58,80,17,77,41,32,29,33,20,39,69,36,46,56,73,48,59,52,21,75,38,10,64,51,62,2,15,27,54,60,19,3,66,24,79,57,25,14],[57,61,9,63,80,64,17,67,73,1,32,16,19,51,38,12,45,71,50,39,3,62,8,78,76,25,65,55,40,18,59,43,41,7,69,52,56,42,58,66,29,28,31,26,13,53,49,48,2,60,24,74,75,36,70,72,11,21,47,54,5,14,23,37,35,68,34,10,15,22,27,44,77,4,46,6,30,33,79,20]]


Objective value =  2451.0
[[6,62,74,67,55,20,59,54,11,65,45,64,48,23,24,58,72,33,76,16,1,36,25,80,40,61,63,10,2,71,19,17,32,57,4,51,77,3,28,69,75,53,68,79,5,27,49,70,37,56,14,8,15,78,30,73,35,38,50,21,41,12,13,18,29,52,31,42,43,66,22,46,39,9,26,60,7,44,47,34],[7,28,54,11,6,49,65,41,1,48,10,36,19,70,55,3,46,35,45,74,2,78,60,80,67,18,39,73,5,50,38,51,24,64,71,52,33,4,32,17,66,27,23,21,69,14,31,9,75,29,40,72,68,43,62,13,44,56,25,57,30,22,58,63,34,26,61,77,37,16,53,76,59,42,79,20,15,8,12,47],[20,41,49,43,34,38,46,70,59,65,36,40,11,21,68,28,22,33,23,27,14,42,64,67,10,77,53,69,4,51,3,44,7,1,62,61,52,63,78,12,32,75,55,73,17,29,56,5,58,18,39,60,37,13,8,50,19,48,30,57,16,45,24,80,15,66,47,76,72,74,71,79,31,2,26,25,6,35,9,54]]


Objective value =  2657.0
[[35,42,24,65,36,11,13,80,25,40,37,12,60,17,16,57,38,29,27,54,46,74,47,14,8,1,20,32,69,33,71,73,43,59,58,21,61,19,28,75,55,78,48,3,39,52,31,68,62,44,53,50,26,6,79,30,5,66,23,64,70,56,22,2,77,7,67,51,63,49,41,76,15,9,4,10,18,72,34,45],[64,61,7,39,50,77,51,65,67,34,25,17,70,78,14,36,52,47,2,24,63,43,57,48,3,12,53,37,71,10,66,21,9,56,40,19,41,76,33,4,5,23,15,6,45,62,58,35,80,60,75,26,27,68,38,1,8,74,32,28,29,16,46,31,69,20,11,13,44,79,30,42,54,55,59,22,72,49,18,73],[80,31,66,79,28,64,43,47,22,23,62,70,52,21,25,7,75,35,9,13,5,57,27,74,67,71,1,34,4,53,39,36,61,20,11,2,54,77,32,18,37,12,45,14,3,16,58,51,42,26,50,19,46,38,72,59,56,24,8,30,78,65,68,76,48,49,10,73,29,55,17,15,6,40,69,63,60,44,33,41]]


Objective value =  2608.0
[[21,38,79,80,5,12,35,32,31,40,45,19,54,29,17,66,48,65,37,10,69,30,70,73,6,43,22,60,25,33,42,55,58,53,57,63,49,24,64,2,9,71,7,59,77,1,67,26,56,8,36,34,39,41,15,20,78,13,11,72,14,3,61,46,27,75,52,44,28,68,23,76,47,18,74,51,50,16,4,62],[31,4,19,24,12,75,54,49,6,45,58,42,51,36,28,37,57,30,48,72,65,8,59,56,26,15,68,34,52,79,47,62,18,14,3,11,44,61,71,1,70,60,20,46,2,80,21,17,64,32,55,67,66,13,41,69,73,9,78,22,74,5,40,39,29,7,16,23,43,77,63,27,53,35,33,25,38,10,76,50],[31,19,27,25,16,12,48,10,3,39,6,21,24,45,68,8,42,52,38,30,29,61,36,35,1,17,9,18,59,75,22,44,64,53,62,14,77,41,40,34,47,78,73,23,70,46,7,5,55,15,72,60,11,57,54,33,2,37,80,28,71,69,63,74,4,49,13,79,67,51,66,65,56,50,20,76,58,43,32,26]]


Objective value =  2672.0
[[6,80,22,14,66,17,18,72,33,53,3,49,61,30,38,47,69,42,10,8,46,63,71,79,58,62,25,4,37,48,40,52,27,7,54,50,35,39,76,26,12,44,70,74,34,21,28,75,36,78,45,13,32,16,2,56,57,11,51,24,41,73,43,59,9,68,15,5,20,31,65,60,19,29,55,77,67,23,64,1],[35,38,59,77,1,69,47,48,22,45,49,3,32,63,25,9,19,78,8,10,61,28,54,2,37,66,6,36,71,72,70,40,58,11,29,7,65,21,30,46,51,53,42,67,16,74,18,13,60,20,55,24,80,15,39,75,23,44,27,56,68,12,76,62,4,73,50,31,57,41,26,64,43,33,17,79,5,52,14,34],[35,65,55,16,39,67,59,22,69,38,24,41,33,21,23,46,74,15,17,79,29,51,37,14,13,71,1,32,52,19,45,75,77,4,62,76,70,31,8,44,18,2,40,72,36,20,48,53,5,66,49,9,58,60,63,57,61,54,50,3,34,43,12,64,6,7,11,30,10,27,42,68,78,80,56,28,25,47,73,26]]


Objective value =  2487.0
[[13,22,68,14,33,37,11,77,23,21,18,30,54,24,79,53,31,39,34,57,4,43,27,38,72,36,5,61,71,6,70,35,8,80,67,19,65,69,45,60,78,76,28,32,58,66,51,64,52,7,3,44,9,49,47,12,46,2,26,56,16,63,41,42,74,48,73,25,1,75,10,15,29,59,17,62,55,40,50,20],[21,4,39,19,11,1,43,36,37,63,9,14,42,68,33,34,49,15,8,70,23,75,16,53,76,52,69,64,54,2,50,44,78,31,61,40,3,26,22,56,67,45,38,29,47,55,28,58,57,73,62,80,66,35,77,13,27,10,72,41,7,5,24,46,32,18,65,71,60,48,79,30,6,17,25,12,20,59,74,51],[21,50,64,32,58,17,68,18,38,69,35,36,47,28,20,44,61,43,49,33,27,22,75,66,67,52,37,57,62,39,72,12,6,71,14,3,54,51,80,63,59,15,29,48,76,2,7,34,73,77,46,26,56,24,11,79,65,16,45,55,5,42,9,60,31,74,78,13,40,70,53,25,8,23,10,1,19,30,4,41]]


Objective value =  2763.0
[[3,73,10,47,79,69,35,33,44,24,40,55,66,25,32,36,19,49,2,62,18,22,34,54,64,16,57,30,41,31,48,21,60,75,63,29,58,53,59,8,12,70,65,20,1,23,9,76,14,11,26,7,72,52,27,4,15,42,17,38,74,6,77,43,45,13,67,51,39,5,46,37,80,28,50,78,56,68,61,71],[4,74,78,10,59,43,29,61,18,28,24,76,11,20,1,63,60,45,69,34,12,75,51,53,40,46,17,33,72,62,38,55,22,39,42,48,6,37,79,23,25,5,27,49,68,2,50,35,19,57,7,65,32,52,71,64,70,9,15,47,66,36,80,3,16,41,77,31,21,44,14,67,13,8,58,73,56,26,54,30],[74,5,19,14,80,54,25,9,40,24,48,63,58,70,44,18,50,34,77,22,46,16,53,68,47,7,59,61,52,4,12,36,37,8,65,29,62,38,31,2,39,57,71,67,33,79,6,26,72,60,10,76,35,17,51,64,41,30,69,66,75,23,11,49,43,55,20,27,3,13,1,78,73,28,21,56,42,45,15,32]]


Objective value =  2655.0
[[39,36,16,52,3,58,24,50,65,78,31,47,60,6,79,66,71,12,35,53,11,69,21,30,74,13,20,62,15,40,34,25,23,64,1,70,68,67,7,14,28,46,56,48,76,43,29,80,54,26,51,45,55,18,38,8,59,5,32,2,63,17,75,41,37,77,61,4,9,27,33,57,22,42,10,19,44,73,49,72],[47,37,16,1,14,36,17,29,71,76,41,10,66,44,25,64,8,15,77,38,2,35,39,51,59,9,23,32,78,40,63,21,31,4,75,3,28,69,68,26,12,72,45,27,30,80,67,19,56,43,57,65,22,49,20,73,6,70,42,11,50,52,33,34,79,5,74,55,60,24,62,13,46,53,7,18,58,48,54,61],[57,33,49,15,36,1,10,12,4,71,38,31,8,27,44,66,30,5,73,62,39,69,72,48,52,64,60,79,68,19,9,51,47,35,22,24,26,56,11,50,43,80,32,14,37,67,17,53,75,25,54,20,55,16,40,63,13,34,78,21,6,76,3,77,61,74,45,65,28,70,41,58,59,18,29,46,7,2,23,42]]


Objective value =  2545.0
[[10,13,54,17,6,16,11,27,9,35,75,21,23,31,19,58,76,26,78,43,37,8,38,32,1,55,4,49,15,53,18,42,12,39,3,48,61,44,73,2,70,62,60,77,80,25,65,47,50,67,64,41,7,71,40,66,68,5,74,79,34,14,52,30,36,51,45,57,59,56,29,28,24,22,69,72,63,20,46,33],[24,26,6,10,68,59,39,49,43,62,19,52,53,77,72,50,4,41,73,78,67,71,35,36,45,7,56,42,64,12,76,11,51,46,69,44,47,40,74,75,79,57,58,37,16,2,5,9,17,18,3,23,55,63,13,14,20,66,32,30,65,38,21,33,25,61,54,70,28,27,8,48,31,80,15,29,22,34,60,1],[75,10,8,48,45,73,17,79,32,71,70,12,35,78,49,40,22,64,21,5,9,55,68,65,41,51,77,4,28,27,54,60,43,61,67,66,62,11,58,50,42,23,14,46,26,63,15,47,44,33,29,53,52,13,16,30,38,24,72,7,74,57,36,69,19,31,59,80,76,39,56,37,1,18,3,6,34,20,25,2]]


Objective value =  2549.0
[[34,23,20,63,13,41,24,40,59,8,45,42,22,64,12,74,38,78,52,33,1,71,62,76,2,51,3,18,54,32,58,47,31,67,53,19,6,17,61,43,11,35,50,79,46,65,60,5,14,75,55,36,49,21,7,30,16,48,4,80,39,69,29,28,68,25,37,72,66,15,9,10,70,26,56,73,27,77,44,57],[70,79,29,16,42,77,34,54,47,56,25,52,43,74,26,40,12,30,6,59,69,64,57,3,8,44,67,73,13,7,51,35,5,14,50,63,28,18,19,78,11,72,45,46,10,23,21,68,20,62,76,27,2,17,48,38,24,41,49,22,65,32,53,1,75,4,31,36,33,9,55,58,37,60,80,39,66,15,61,71],[72,36,50,76,51,31,34,27,22,57,13,56,64,32,66,8,53,45,70,78,63,3,18,39,77,10,4,6,41,43,15,46,67,42,38,71,37,12,54,62,11,19,23,20,60,40,7,48,29,25,49,69,30,74,52,16,44,80,47,2,35,59,33,79,68,75,26,1,61,58,5,73,65,55,9,24,28,21,17,14]]


Objective value =  2563.0
[[10,70,65,14,46,67,53,18,52,61,50,44,45,19,24,26,64,58,8,22,40,12,36,5,63,57,48,49,34,79,31,68,80,3,25,59,75,30,33,20,21,55,16,6,4,2,9,78,66,56,35,39,69,72,62,41,37,43,73,76,11,71,51,60,29,47,28,13,42,38,1,27,54,74,77,32,15,7,23,17],[13,64,23,12,60,80,29,57,25,22,50,3,71,78,79,70,18,1,59,38,43,49,69,72,4,32,54,20,30,10,21,37,14,2,56,58,35,62,24,67,75,77,15,17,7,48,8,39,34,53,45,63,19,31,33,46,55,27,36,65,9,41,42,61,74,5,40,28,73,26,76,6,68,51,66,47,16,11,44,52],[27,34,71,15,58,45,3,53,18,4,49,5,26,56,38,25,55,14,36,24,44,60,74,80,76,77,47,13,70,20,52,68,63,22,31,64,61,48,19,10,72,29,66,75,41,39,59,40,6,9,2,57,7,16,32,1,51,50,78,62,67,30,21,54,79,65,12,69,73,37,46,23,28,17,43,42,35,33,11,8]]


Objective value =  2769.0
[[12,34,29,20,35,63,52,5,18,13,76,6,31,37,43,74,4,60,21,15,27,1,44,30,59,2,50,58,57,28,54,78,72,47,17,41,38,64,10,16,61,19,9,62,67,70,32,33,73,23,80,42,69,56,39,79,66,11,75,36,51,55,40,24,77,71,22,3,25,8,26,45,48,14,7,53,49,65,68,46],[69,65,39,63,47,61,41,56,11,7,45,76,3,4,70,32,30,38,74,48,35,19,27,50,43,75,60,80,25,13,72,52,54,26,64,28,33,59,20,79,77,10,51,46,62,15,5,24,8,58,78,44,34,21,55,68,6,40,12,22,2,1,14,73,37,9,36,29,31,71,16,66,18,57,23,17,53,49,67,42],[73,40,79,61,80,53,20,9,55,44,43,74,38,36,28,16,56,49,6,5,23,7,22,1,27,30,21,57,24,51,4,12,41,64,31,71,60,58,65,29,19,45,15,54,25,11,33,70,10,26,42,59,69,52,14,2,37,18,3,47,17,34,72,78,39,67,62,50,66,35,75,32,13,63,48,77,76,46,8,68]]


Objective value =  2631.0
[[26,15,37,27,29,43,12,22,40,78,71,18,21,44,32,47,48,34,77,53,60,24,20,35,79,65,13,58,56,36,75,23,80,16,72,38,62,42,5,11,46,25,2,54,17,52,14,6,59,55,74,66,30,8,4,64,73,68,10,33,67,69,49,63,50,61,9,31,51,70,57,3,1,45,19,28,7,41,39,76],[40,75,43,58,77,23,76,42,11,25,50,49,3,21,61,59,27,29,26,55,44,2,34,47,63,6,30,64,28,78,72,41,48,57,8,14,13,68,1,80,12,36,33,19,46,56,60,74,35,73,24,54,20,4,66,7,70,62,16,71,38,37,79,45,39,15,69,65,53,67,31,10,18,5,52,9,22,51,32,17],[80,38,49,8,6,12,24,41,78,57,40,20,13,33,47,28,60,64,77,35,46,17,31,56,63,70,51,42,54,67,44,30,15,69,76,1,72,43,4,48,71,39,7,5,2,75,10,9,23,55,21,58,36,79,16,18,68,25,50,65,62,32,73,59,66,3,53,61,34,37,52,74,29,26,14,45,11,19,27,22]]


Objective value =  2804.0
[[20,12,4,56,3,14,50,13,41,68,37,28,70,78,59,40,19,34,38,58,48,44,67,24,47,30,17,54,18,49,55,62,45,33,7,2,73,1,25,21,79,74,61,75,29,36,60,63,71,65,77,5,42,26,46,23,51,66,11,6,27,69,16,72,9,10,35,52,8,53,22,80,64,39,15,32,43,31,76,57],[39,16,2,1,46,11,56,75,22,34,58,49,64,33,35,10,27,51,32,26,36,23,44,78,6,9,15,28,47,4,67,53,38,42,37,63,5,74,61,29,71,69,79,24,57,50,62,21,25,7,73,54,41,55,31,76,3,80,45,40,66,14,52,60,30,43,20,72,48,68,65,13,19,59,77,8,70,12,18,17],[58,54,55,22,67,26,15,48,6,43,52,72,28,5,37,60,40,12,41,20,51,74,9,77,34,63,24,36,50,10,44,31,17,29,19,1,62,33,42,46,64,23,32,75,14,73,8,61,3,38,80,47,16,21,2,56,57,45,27,68,30,4,13,35,78,25,18,59,71,70,11,69,66,53,65,39,49,7,76,79]]


Objective value =  2348.0
[[2,22,13,66,26,32,73,57,43,51,19,8,1,29,64,23,58,39,54,4,44,62,40,15,75,63,59,3,53,30,20,72,7,80,35,18,6,50,42,47,77,61,17,48,55,9,68,28,27,36,74,67,71,5,78,34,14,11,25,49,16,24,10,41,38,37,79,33,52,21,31,56,60,70,12,46,65,69,45,76],[29,40,41,61,62,26,5,4,52,28,18,35,77,6,66,38,32,17,39,43,23,49,59,19,57,31,70,15,16,60,71,58,30,42,36,55,7,11,27,45,9,65,75,2,46,51,73,10,63,47,79,21,33,25,54,12,3,34,68,78,74,67,72,20,56,14,24,69,22,8,76,13,80,44,48,50,37,64,53,1],[57,61,28,17,60,77,22,40,1,21,7,31,59,2,79,43,71,10,14,73,27,49,51,6,5,13,66,67,55,29,16,26,36,39,37,62,52,50,63,56,54,65,25,64,8,19,42,80,70,12,44,23,72,20,4,3,76,38,41,45,75,32,30,48,33,34,68,9,53,15,24,11,35,46,18,47,74,69,58,78]]


Objective value =  2721.0
[[4,19,16,6,24,45,7,67,34,30,60,17,32,79,64,80,18,47,23,38,39,70,66,15,72,63,56,48,71,78,51,43,5,26,40,65,44,37,59,58,62,12,21,55,61,3,77,50,54,74,75,33,11,68,57,41,52,29,35,27,9,31,2,69,76,36,22,46,8,13,53,20,73,25,49,14,28,1,42,10],[8,46,53,17,19,70,65,12,64,9,10,52,4,72,18,76,66,47,42,22,80,38,23,69,1,33,29,57,34,44,36,62,60,43,74,73,41,20,25,79,7,16,39,2,6,5,75,63,26,3,59,15,78,45,77,11,51,31,49,54,67,40,13,30,27,32,48,37,71,24,50,21,61,35,58,68,14,56,55,28],[33,46,31,25,77,5,66,34,52,4,76,35,41,20,7,39,18,53,44,68,75,10,40,60,12,57,50,22,27,36,21,49,29,30,32,14,58,24,13,74,42,78,47,19,71,3,2,80,43,9,17,64,62,16,63,70,48,65,67,69,28,26,54,38,56,15,1,8,6,45,55,73,59,11,61,37,79,51,72,23]]

