Objective value =  255.0
[[5,2,15,3,14,18,9,21,7,20,1,23,13,4,10,16,6,19,22,8,24,25,12,11,17],[20,7,2,24,19,8,12,18,25,21,3,10,15,13,16,23,1,17,6,5,22,14,4,9,11],[23,12,24,2,3,9,13,21,11,22,1,4,20,8,14,16,25,18,10,19,6,5,7,17,15]]


Objective value =  263.0
[[7,24,4,5,10,12,19,9,8,14,17,22,11,1,23,6,2,15,21,3,13,25,16,18,20],[13,1,15,11,2,9,21,22,6,25,14,12,20,3,4,19,5,7,17,23,8,10,24,16,18],[16,15,19,7,12,18,4,5,3,21,25,14,17,9,24,6,11,13,22,1,10,20,8,2,23]]


Objective value =  264.0
[[3,17,19,13,5,11,25,16,12,15,8,2,14,18,9,6,20,23,24,21,22,10,1,7,4],[14,1,17,21,3,15,25,5,10,6,20,11,16,19,7,4,13,22,2,9,23,24,18,8,12],[19,4,12,8,21,9,11,6,20,23,13,10,1,16,14,15,3,7,5,22,18,2,25,24,17]]


Objective value =  285.0
[[14,3,16,12,20,10,25,21,1,7,15,6,19,17,4,18,23,5,2,8,11,9,24,13,22],[23,9,5,12,8,1,4,14,18,6,2,17,13,10,20,22,3,19,11,7,24,15,25,21,16],[24,23,17,22,2,8,3,15,11,7,16,18,12,6,14,4,19,1,20,9,5,25,13,21,10]]


Objective value =  227.0
[[7,10,20,6,25,23,5,4,9,15,3,18,2,1,17,12,19,24,22,11,16,13,21,14,8],[9,1,8,2,20,4,10,5,11,16,22,3,7,15,12,24,6,21,19,23,18,13,17,14,25],[16,8,25,12,15,9,7,13,4,20,6,18,23,1,14,10,19,11,22,24,5,3,17,21,2]]


Objective value =  271.0
[[5,2,20,11,23,4,13,19,7,10,18,6,1,9,8,24,21,3,17,15,14,16,25,22,12],[20,13,10,12,25,2,5,3,14,11,1,23,21,8,6,19,22,4,24,18,15,16,17,7,9],[21,9,3,6,12,8,4,16,11,25,15,13,17,5,22,1,14,24,18,7,20,10,23,2,19]]


Objective value =  212.0
[[4,7,22,19,8,2,14,3,1,13,12,9,24,15,21,11,25,6,20,23,17,5,16,18,10],[9,22,13,4,3,15,14,18,21,2,12,17,24,16,25,19,11,8,20,1,23,10,6,5,7],[13,23,1,19,22,6,14,12,10,25,11,15,8,24,16,3,9,20,4,21,2,17,7,18,5]]


Objective value =  266.0
[[1,12,8,9,13,22,2,15,17,25,20,3,5,11,23,24,18,16,14,4,6,7,19,10,21],[4,2,20,5,15,7,3,12,1,14,22,25,8,19,9,21,11,13,18,6,16,24,10,17,23],[23,7,10,4,14,20,24,6,13,12,21,9,17,19,25,1,15,2,16,18,22,5,8,3,11]]


Objective value =  249.0
[[3,24,21,10,14,5,18,7,8,17,16,11,12,22,20,9,1,25,2,19,13,4,6,15,23],[5,3,19,24,13,11,21,4,12,25,23,1,7,18,9,6,15,10,17,22,20,16,14,8,2],[22,14,15,23,10,18,12,1,3,20,11,19,5,16,9,17,7,24,6,2,21,8,13,25,4]]


Objective value =  307.0
[[3,8,11,19,23,25,9,24,6,22,14,15,5,13,17,20,4,21,10,12,16,18,2,7,1],[5,12,14,1,10,2,6,24,22,3,16,7,17,25,18,11,13,4,19,23,20,9,15,8,21],[17,20,7,1,15,10,21,11,16,24,25,3,4,2,12,6,5,9,18,19,8,14,13,22,23]]


Objective value =  244.0
[[5,7,11,2,6,15,22,16,19,13,14,20,21,23,9,12,18,8,24,25,1,17,4,10,3],[8,18,16,12,11,2,25,22,19,20,21,14,24,7,9,23,5,1,4,3,13,10,6,17,15],[12,15,4,21,19,14,25,8,5,3,24,1,7,6,10,16,20,22,23,11,18,2,9,17,13]]


Objective value =  273.0
[[5,18,22,2,1,12,10,14,13,23,25,20,6,24,19,15,4,16,11,8,3,21,9,17,7],[8,6,20,3,9,1,16,12,25,11,5,18,2,4,14,17,19,15,7,21,23,10,22,13,24],[8,19,14,6,9,7,4,22,13,24,10,17,1,5,21,2,20,16,3,23,18,11,25,12,15]]


Objective value =  254.0
[[4,22,16,15,3,14,8,13,25,19,11,17,10,21,2,5,9,7,18,24,23,12,6,20,1],[8,3,9,23,25,13,1,18,2,17,20,14,4,7,22,21,12,5,10,15,19,6,24,16,11],[22,12,25,17,7,19,23,20,1,14,3,4,15,18,21,6,11,24,9,10,16,8,13,5,2]]


Objective value =  226.0
[[19,18,9,12,16,21,7,23,20,25,22,4,24,5,17,15,1,2,3,6,13,10,14,11,8],[21,24,19,25,4,22,18,13,3,17,15,20,6,5,23,12,1,10,16,11,8,14,7,9,2],[25,16,9,7,23,3,8,10,2,21,12,24,17,18,6,22,13,11,14,4,1,15,19,5,20]]


Objective value =  234.0
[[5,12,22,1,7,3,25,2,11,20,17,19,15,24,21,8,6,10,18,14,4,23,16,9,13],[5,22,10,19,8,12,18,21,16,6,24,9,3,7,4,13,2,11,14,20,1,15,17,25,23],[10,18,2,17,11,7,8,12,22,9,15,4,25,21,19,13,1,23,3,16,14,24,6,5,20]]


Objective value =  255.0
[[2,13,4,1,8,17,23,19,18,14,7,25,16,15,21,3,20,22,24,12,10,11,5,9,6],[4,10,9,1,6,16,14,25,13,19,17,3,20,24,22,12,18,8,7,15,5,21,11,23,2],[16,7,8,2,9,15,4,19,13,5,11,24,20,6,21,25,3,12,10,1,18,23,22,14,17]]


Objective value =  254.0
[[8,11,13,24,5,18,14,1,10,16,19,12,4,22,23,6,7,21,2,3,15,17,9,25,20],[17,20,19,18,6,3,22,10,16,11,12,14,4,8,21,2,23,7,5,25,13,1,24,9,15],[19,20,17,5,1,14,15,11,9,24,8,6,7,25,21,2,3,4,13,18,10,23,22,16,12]]


Objective value =  269.0
[[4,8,25,5,19,7,17,2,10,24,20,3,11,15,16,14,18,23,9,12,21,1,6,22,13],[14,11,9,22,17,24,4,23,6,8,3,16,5,15,7,1,19,18,25,21,20,13,2,12,10],[16,24,12,18,3,14,25,20,7,11,13,22,15,21,9,19,17,2,6,10,1,4,23,5,8]]


Objective value =  268.0
[[7,17,8,20,12,24,6,13,11,3,4,25,10,14,9,21,19,16,22,23,5,2,1,18,15],[7,19,10,18,9,1,8,5,13,17,15,21,3,20,22,12,2,24,4,23,25,16,11,14,6],[22,7,6,5,24,15,20,9,21,1,14,25,11,19,16,8,18,23,10,3,12,4,2,13,17]]


Objective value =  253.0
[[2,8,6,25,21,3,9,12,17,1,11,5,14,22,19,7,18,10,20,13,4,23,24,16,15],[8,17,5,13,2,18,1,10,12,11,16,20,24,15,25,9,23,4,6,3,22,19,14,7,21],[14,17,13,6,4,24,11,5,23,3,2,25,22,15,10,7,20,19,12,21,8,18,16,9,1]]


Objective value =  292.0
[[3,19,7,9,11,2,6,21,15,20,17,12,13,16,14,18,25,24,5,4,1,22,8,23,10],[8,15,22,5,24,20,1,12,3,10,18,4,23,16,11,7,9,14,21,19,13,17,2,6,25],[8,23,21,17,14,3,11,6,1,4,20,19,10,24,22,13,18,2,12,16,7,5,15,9,25]]


Objective value =  248.0
[[1,5,7,8,6,15,10,9,19,2,18,17,20,4,3,24,25,23,12,13,11,22,16,14,21],[3,14,13,17,7,15,24,25,21,22,2,20,23,1,4,11,19,10,12,9,18,5,16,6,8],[7,8,23,24,3,17,21,9,2,4,13,14,15,5,18,19,16,6,22,12,11,10,1,20,25]]


Objective value =  240.0
[[13,5,4,11,21,3,8,12,14,7,2,24,1,17,22,9,16,15,19,6,10,25,23,18,20],[15,24,16,8,6,5,9,19,25,7,10,13,14,12,22,20,1,21,23,3,2,11,18,4,17],[16,17,23,8,6,9,24,5,12,13,3,19,11,20,10,2,1,18,14,21,15,7,25,4,22]]


Objective value =  251.0
[[2,6,10,15,14,21,7,8,18,19,12,9,22,24,16,13,5,20,17,23,11,1,4,25,3],[6,12,1,19,15,3,18,23,5,20,7,8,21,22,16,2,10,11,25,13,9,4,24,17,14],[7,13,15,12,3,16,9,17,2,24,4,1,14,6,25,11,19,18,20,21,5,22,23,8,10]]


Objective value =  228.0
[[2,20,23,7,16,21,12,5,1,25,22,9,15,11,19,18,6,17,3,24,14,13,8,10,4],[5,2,6,3,12,25,16,9,11,17,1,15,24,19,7,20,18,13,21,10,22,23,4,14,8],[13,20,24,10,12,14,25,9,5,1,21,2,19,6,18,8,22,7,11,23,4,15,17,3,16]]


Objective value =  229.0
[[4,19,12,23,24,16,10,3,14,7,9,18,13,15,5,22,25,21,1,2,6,11,17,20,8],[6,2,24,21,14,1,7,3,20,10,13,16,22,11,9,8,12,23,19,15,17,18,4,5,25],[21,6,2,11,7,15,14,4,16,22,25,10,13,1,24,20,9,19,12,3,5,8,18,17,23]]


Objective value =  236.0
[[14,13,5,4,12,21,17,2,10,7,18,20,22,19,11,8,23,25,9,16,15,6,24,1,3],[19,21,7,3,22,10,16,2,18,24,4,25,15,1,5,17,12,14,20,6,23,11,8,13,9],[21,14,13,11,6,9,19,7,22,5,8,1,10,17,2,15,12,20,4,24,23,16,3,18,25]]


Objective value =  310.0
[[1,4,10,2,13,25,20,7,14,12,6,21,16,5,19,24,3,17,9,22,8,15,11,23,18],[14,3,9,6,7,24,22,8,12,11,25,5,1,23,15,20,4,19,10,17,18,16,13,21,2],[18,13,15,17,22,12,6,21,10,25,16,23,5,2,8,3,9,20,1,7,4,11,19,14,24]]


Objective value =  276.0
[[7,2,23,14,1,25,9,5,4,10,12,15,13,20,3,22,18,6,21,17,24,11,8,19,16],[8,22,6,13,12,9,11,1,7,18,4,21,5,3,25,15,19,24,20,16,23,14,17,2,10],[10,24,20,9,17,11,5,1,8,19,12,22,15,3,7,25,23,4,2,21,14,6,18,16,13]]


Objective value =  262.0
[[9,22,2,17,19,12,5,16,18,23,10,1,14,6,24,13,25,8,4,7,20,15,21,11,3],[15,25,10,13,11,5,22,1,20,7,17,21,9,16,19,3,23,12,6,4,8,18,24,2,14],[20,7,17,6,21,5,2,15,13,12,8,19,24,3,9,23,25,22,14,10,1,16,11,4,18]]


Objective value =  275.0
[[2,14,7,21,6,5,24,15,19,11,1,22,4,25,3,9,16,18,23,17,13,10,20,12,8],[8,14,25,6,22,19,2,10,3,18,5,7,9,15,16,17,24,23,12,13,4,1,20,21,11],[10,20,2,16,24,4,14,13,3,11,12,18,17,1,15,22,19,23,8,21,9,25,6,7,5]]


Objective value =  247.0
[[4,8,5,12,16,10,18,25,1,11,6,15,23,3,7,21,19,22,14,24,17,20,2,13,9],[7,6,17,25,8,13,9,12,11,5,16,20,10,22,21,18,24,15,19,3,14,4,2,23,1],[12,9,17,21,13,4,15,10,11,1,14,22,3,24,18,6,7,25,16,2,5,19,8,23,20]]


Objective value =  249.0
[[1,25,20,21,6,15,19,17,9,3,18,13,8,22,16,23,14,10,24,2,4,11,12,7,5],[6,11,1,3,16,21,10,20,25,9,2,13,14,15,4,22,5,7,24,23,8,18,19,12,17],[16,13,4,12,3,17,8,10,25,20,7,11,22,5,2,18,24,9,21,1,23,15,19,6,14]]


Objective value =  219.0
[[8,9,21,12,17,22,10,16,18,1,6,13,11,24,3,23,19,15,4,20,25,14,2,7,5],[24,6,7,20,21,25,4,3,23,8,16,18,17,12,15,9,19,10,14,13,22,5,1,2,11],[25,8,6,16,15,1,20,9,24,5,22,12,21,18,17,14,11,4,13,23,19,3,10,2,7]]


Objective value =  267.0
[[13,23,2,20,7,17,25,8,15,10,11,9,12,22,21,3,5,14,24,1,18,6,4,19,16],[14,3,13,21,18,19,12,9,4,15,16,1,10,20,24,8,23,17,11,7,22,6,25,5,2],[14,10,20,6,17,13,11,8,25,12,4,19,24,16,23,5,7,2,1,18,9,3,15,21,22]]


Objective value =  233.0
[[4,3,20,11,7,14,24,8,18,22,9,16,6,17,21,25,1,13,12,2,23,10,5,15,19],[6,10,14,11,19,8,2,13,23,7,4,15,1,21,20,16,9,25,5,24,17,12,3,22,18],[7,14,16,15,8,22,17,11,23,4,12,24,20,19,1,6,9,2,13,10,25,5,18,3,21]]


Objective value =  255.0
[[1,13,7,14,16,8,11,25,22,6,21,12,19,4,17,5,24,23,2,18,15,20,10,3,9],[2,8,22,10,11,6,17,20,5,13,7,19,9,15,18,25,24,16,12,1,3,4,21,23,14],[22,4,24,5,7,3,1,8,2,15,12,18,10,9,20,11,6,21,17,16,14,13,25,19,23]]


Objective value =  269.0
[[14,10,6,2,8,17,16,7,11,19,21,15,24,12,13,18,20,3,4,25,5,23,22,9,1],[15,22,8,12,3,7,9,25,1,23,14,13,6,21,19,5,17,4,10,20,2,24,16,18,11],[21,13,1,10,6,16,17,24,4,20,8,9,19,25,5,14,7,12,22,11,2,3,23,18,15]]


Objective value =  226.0
[[1,8,12,15,7,11,21,9,18,13,24,2,20,4,3,17,19,16,10,23,14,25,22,5,6],[6,14,5,19,9,13,18,10,17,12,24,21,15,8,23,1,20,11,3,4,7,25,16,2,22],[12,14,8,21,22,7,5,11,1,18,10,24,15,25,23,6,13,17,4,2,9,19,20,16,3]]


Objective value =  262.0
[[9,12,16,1,25,3,21,19,8,23,17,7,10,13,5,4,2,11,24,20,15,6,22,14,18],[20,18,22,11,5,16,6,13,23,17,1,12,9,14,3,25,15,4,19,2,21,24,8,10,7],[21,8,13,10,1,17,2,11,20,5,25,9,22,14,18,6,12,4,19,16,7,23,24,3,15]]


Objective value =  263.0
[[2,8,21,14,17,18,9,12,24,4,20,10,6,11,22,19,23,25,7,16,15,5,1,13,3],[11,5,24,15,16,10,13,4,14,12,23,19,1,20,17,8,18,9,2,25,22,21,7,3,6],[23,9,21,3,14,1,4,20,8,15,11,10,18,22,19,12,6,2,16,13,7,5,17,24,25]]


Objective value =  242.0
[[12,5,11,2,6,19,7,1,13,17,21,20,8,24,25,22,18,23,16,3,10,9,15,4,14],[18,9,6,5,8,19,12,11,17,24,10,14,22,23,1,2,20,4,13,7,25,16,15,3,21],[22,23,16,5,15,18,10,25,9,8,21,19,11,17,14,20,3,6,1,13,4,2,7,12,24]]


Objective value =  271.0
[[1,9,10,11,5,12,23,3,6,2,16,13,8,18,14,25,19,17,7,4,15,24,21,20,22],[5,7,15,13,10,2,1,24,21,25,23,18,6,8,19,20,16,9,11,12,3,17,14,4,22],[7,4,5,14,3,17,18,16,19,24,22,15,12,2,10,1,21,20,23,6,8,11,25,13,9]]


Objective value =  262.0
[[4,9,8,19,11,14,5,23,12,18,15,17,21,7,6,22,3,24,10,2,13,16,1,25,20],[14,3,20,22,19,24,1,6,2,15,8,17,10,12,7,13,9,21,11,5,23,25,4,16,18],[22,25,24,1,10,12,20,23,19,14,17,9,16,2,7,21,11,8,15,18,3,5,6,4,13]]


Objective value =  258.0
[[4,18,14,13,25,21,17,16,5,8,10,9,1,6,12,24,22,19,20,15,3,23,7,11,2],[6,14,11,24,22,7,8,25,19,23,1,15,18,2,5,3,17,21,13,16,4,10,12,9,20],[23,10,13,16,14,22,21,11,1,24,17,5,7,19,6,4,3,2,12,9,18,25,20,15,8]]


Objective value =  250.0
[[1,2,16,24,23,3,13,15,14,21,19,22,9,7,25,12,17,6,8,20,18,10,4,5,11],[6,23,20,1,4,17,2,5,3,13,9,7,16,15,10,21,18,14,11,22,24,8,19,25,12],[15,16,18,10,17,7,8,11,20,13,2,9,24,23,5,12,6,22,3,19,1,25,4,14,21]]


Objective value =  265.0
[[4,19,1,2,23,20,15,21,3,13,16,18,5,9,8,17,14,24,6,7,25,22,11,10,12],[12,7,1,6,19,3,13,2,21,18,16,22,10,4,11,5,23,20,14,9,25,17,24,8,15],[12,18,10,22,8,23,7,25,6,15,14,2,19,21,5,17,16,24,9,1,11,20,4,3,13]]


Objective value =  228.0
[[5,8,17,1,15,12,4,14,13,22,16,9,19,7,11,2,25,23,21,6,18,20,24,3,10],[11,3,17,2,8,24,25,4,15,6,10,22,16,9,23,13,18,21,5,14,7,1,12,19,20],[17,5,10,11,25,23,2,6,1,18,7,14,22,9,8,4,21,16,20,19,13,24,12,15,3]]


Objective value =  238.0
[[2,10,12,25,11,3,15,8,9,20,1,5,7,23,14,24,13,4,21,22,17,6,16,18,19],[4,13,23,6,3,10,5,19,22,14,15,20,11,8,18,12,24,9,7,1,21,2,25,16,17],[10,19,23,22,17,2,9,11,3,5,13,24,7,14,4,6,8,18,16,12,21,25,15,1,20]]


Objective value =  268.0
[[9,1,5,13,16,7,6,21,12,15,4,25,2,24,14,8,17,18,20,3,11,22,10,23,19],[10,24,4,22,13,11,5,23,19,17,2,12,1,16,8,15,7,21,20,6,9,25,3,14,18],[20,7,15,5,17,19,22,10,3,12,14,4,9,24,11,23,6,8,16,13,1,18,2,25,21]]


Objective value =  262.0
[[4,25,14,9,24,1,18,17,15,2,11,20,13,5,7,10,12,6,16,21,8,3,22,19,23],[5,21,2,7,17,4,16,12,11,14,19,8,18,20,1,13,22,25,3,15,9,6,10,24,23],[13,3,2,23,18,4,21,8,19,9,16,17,20,24,10,12,15,22,5,7,14,1,25,11,6]]


Objective value =  246.0
[[5,3,10,18,12,19,4,22,16,21,23,8,1,6,7,13,2,25,20,14,17,15,11,9,24],[6,2,16,25,4,8,15,1,23,19,21,11,14,13,18,10,5,17,9,24,20,12,3,22,7],[10,4,7,3,13,20,5,15,14,6,11,25,17,1,18,16,8,23,22,21,19,12,2,9,24]]


Objective value =  225.0
[[4,7,21,6,1,2,18,12,13,14,3,17,10,19,11,24,8,5,22,15,25,20,16,23,9],[9,11,14,18,24,25,1,6,22,2,8,20,5,4,21,13,15,17,10,19,3,7,16,23,12],[11,1,5,20,8,13,3,9,15,4,14,6,7,2,25,10,18,24,22,17,12,23,19,21,16]]


Objective value =  226.0
[[3,9,7,18,4,16,23,1,5,11,6,25,19,17,14,13,8,2,12,24,22,15,10,21,20],[12,2,24,4,11,10,23,17,20,18,1,19,3,7,16,9,22,14,15,25,13,5,8,6,21],[18,2,24,11,23,15,20,17,25,6,13,12,4,7,16,8,3,22,21,19,10,14,5,9,1]]


Objective value =  251.0
[[7,13,24,4,16,14,18,5,11,21,23,8,19,25,2,12,20,22,10,17,1,15,3,6,9],[7,24,17,11,20,21,10,25,16,3,19,18,1,4,23,13,8,9,6,2,15,12,22,5,14],[23,2,1,22,16,20,10,11,15,25,4,3,9,14,24,19,8,18,12,21,7,5,6,17,13]]


Objective value =  210.0
[[8,5,24,19,23,7,16,2,10,21,25,1,17,3,11,22,15,12,13,20,14,6,9,4,18],[10,14,24,3,23,1,4,11,6,8,17,13,2,9,12,25,16,22,20,7,5,21,15,19,18],[24,25,5,14,13,10,17,7,15,4,16,21,8,3,11,23,2,12,19,9,6,22,1,20,18]]


Objective value =  256.0
[[15,17,12,16,9,5,10,3,25,7,14,20,13,4,1,22,8,6,2,24,21,19,18,11,23],[19,13,6,9,8,2,3,4,20,24,16,15,10,21,17,25,22,14,23,7,1,12,18,11,5],[23,3,16,22,19,12,21,15,7,1,14,2,13,8,18,4,20,10,24,9,6,11,25,5,17]]


Objective value =  220.0
[[6,10,9,1,15,18,16,13,14,25,23,3,12,21,5,11,19,20,17,24,8,2,7,4,22],[14,12,16,20,10,17,15,21,24,13,18,22,23,4,3,2,6,19,7,1,9,5,11,8,25],[24,21,11,10,15,12,6,5,3,20,17,4,18,22,13,8,19,23,16,9,14,2,1,25,7]]


Objective value =  232.0
[[3,8,18,9,10,17,1,23,5,2,25,12,20,11,13,6,21,19,24,4,16,22,14,15,7],[12,2,5,4,11,1,14,8,9,3,10,22,20,6,16,15,21,24,17,13,19,23,18,25,7],[24,1,12,25,17,8,16,3,14,23,6,22,5,19,20,11,4,13,15,2,7,10,9,18,21]]


Objective value =  251.0
[[3,13,2,9,4,24,7,19,10,12,23,11,22,21,20,8,17,18,14,15,25,1,5,16,6],[5,21,12,19,17,7,18,2,13,23,25,4,3,1,24,14,22,8,9,10,20,11,16,6,15],[21,16,9,11,4,14,6,18,23,17,22,10,8,24,3,2,20,19,7,13,5,25,1,15,12]]


Objective value =  223.0
[[11,19,8,18,13,20,10,5,23,3,17,16,15,21,9,14,6,2,4,24,22,12,7,1,25],[16,24,7,15,4,12,13,10,5,22,18,17,3,23,8,19,11,25,2,14,6,21,9,20,1],[24,4,23,15,19,3,16,8,22,7,18,12,10,9,2,21,1,20,14,17,5,13,11,6,25]]


Objective value =  242.0
[[6,20,3,7,19,11,9,17,13,2,14,5,18,25,1,4,16,22,15,21,8,12,23,10,24],[13,14,12,8,5,6,18,24,2,15,23,19,17,11,22,25,9,4,7,16,1,10,21,3,20],[20,7,5,8,17,12,1,15,3,6,21,2,19,24,16,11,9,25,13,22,23,4,14,10,18]]


Objective value =  204.0
[[14,16,25,17,7,9,12,11,22,13,20,5,18,23,6,3,21,1,10,24,4,2,15,8,19],[24,13,18,14,25,19,10,7,16,9,8,5,11,1,17,3,6,21,15,23,20,4,12,2,22],[24,23,1,16,25,18,13,4,14,22,19,10,5,21,11,17,9,3,6,12,2,8,7,20,15]]


Objective value =  245.0
[[5,11,22,19,6,24,9,17,20,7,8,15,13,12,2,23,21,10,16,14,3,4,25,18,1],[10,24,19,21,3,5,12,15,23,16,14,9,2,13,20,4,1,18,17,11,22,7,25,8,6],[12,7,13,5,9,4,8,18,15,10,20,6,19,3,14,1,21,2,23,22,16,11,25,24,17]]


Objective value =  225.0
[[2,4,15,13,10,18,9,25,1,12,20,3,17,11,22,14,23,19,21,16,5,7,8,6,24],[22,15,21,1,12,11,18,8,25,3,9,19,20,5,23,17,10,2,24,14,7,4,13,6,16],[23,3,15,20,6,1,24,11,22,21,19,17,2,9,7,18,10,4,12,14,5,25,8,16,13]]


Objective value =  273.0
[[1,20,24,22,16,13,25,8,15,4,5,23,21,6,9,11,12,19,10,14,17,2,18,7,3],[7,2,24,9,17,10,25,22,12,20,6,21,19,11,8,23,5,1,14,18,3,15,4,13,16],[9,12,7,14,4,13,1,15,18,16,8,5,10,21,22,2,25,19,24,11,3,6,20,17,23]]


Objective value =  275.0
[[8,21,9,18,24,13,16,14,5,20,1,3,10,17,2,11,12,19,22,25,4,7,6,23,15],[9,25,13,1,5,15,21,18,19,2,7,14,22,12,3,6,17,16,20,24,8,11,23,4,10],[12,4,8,22,20,15,11,19,16,7,9,10,5,3,6,23,13,18,2,21,25,17,1,14,24]]


Objective value =  272.0
[[3,4,9,19,6,1,10,8,2,5,24,14,15,11,20,16,18,17,22,13,21,23,25,12,7],[17,2,18,1,9,24,25,8,13,21,16,12,23,20,10,14,22,5,15,4,11,7,3,19,6],[20,18,6,19,23,4,13,17,21,22,3,16,14,8,7,15,2,12,24,11,10,1,9,25,5]]


Objective value =  266.0
[[2,22,8,15,21,19,24,1,18,9,6,10,14,7,17,13,11,12,3,4,16,23,5,25,20],[9,7,4,3,8,24,14,15,10,21,17,25,11,20,13,1,6,2,19,12,18,22,5,23,16],[18,16,3,5,15,10,23,4,25,14,11,7,19,1,8,2,17,13,24,20,22,21,9,6,12]]


Objective value =  234.0
[[11,7,24,21,3,23,20,4,12,13,9,19,10,16,5,2,14,22,18,15,17,1,6,8,25],[20,25,3,4,8,21,17,19,16,1,7,5,14,18,15,11,24,9,10,6,13,23,2,12,22],[22,14,9,7,17,21,16,24,25,2,20,3,19,4,18,10,8,1,11,15,23,5,6,12,13]]


Objective value =  257.0
[[1,6,25,20,4,9,11,3,14,19,16,12,2,18,23,7,17,15,22,10,8,21,5,24,13],[8,14,12,3,7,5,10,19,25,11,9,13,17,21,20,2,15,4,24,23,22,6,1,16,18],[11,10,5,13,7,23,20,16,18,15,19,4,12,3,14,1,8,9,2,21,25,17,6,24,22]]


Objective value =  260.0
[[16,20,18,3,1,9,11,23,24,13,12,17,15,5,21,25,19,7,14,22,10,4,8,2,6],[17,19,21,24,22,16,23,14,6,25,4,3,20,1,18,9,7,10,13,12,8,5,15,2,11],[22,20,18,2,15,12,9,14,8,1,17,24,10,6,4,7,19,13,5,16,23,3,25,21,11]]


Objective value =  224.0
[[1,8,6,10,12,9,11,5,16,25,13,14,15,4,21,7,22,2,23,24,18,3,19,20,17],[19,17,13,5,8,2,22,18,6,25,4,14,23,15,3,11,24,9,1,12,21,20,10,7,16],[25,8,24,11,6,10,5,12,4,3,14,19,18,17,15,13,1,21,23,7,2,22,9,16,20]]


Objective value =  244.0
[[15,9,21,24,25,14,22,11,8,3,16,12,2,5,6,13,19,17,18,4,20,10,7,1,23],[18,2,4,8,1,11,6,12,20,25,13,16,14,17,22,5,15,7,24,9,10,21,3,23,19],[25,15,12,5,3,2,23,6,17,20,16,8,11,22,10,18,4,21,19,14,9,1,13,7,24]]


Objective value =  280.0
[[3,21,23,2,1,19,12,8,9,22,15,13,14,4,18,5,10,25,11,17,6,7,16,20,24],[6,11,18,5,2,9,24,10,8,13,17,22,25,23,1,7,3,20,4,12,16,19,15,21,14],[11,8,14,18,20,13,17,6,15,1,3,12,5,16,19,7,4,10,21,22,24,9,2,25,23]]


Objective value =  211.0
[[10,5,13,21,7,8,11,22,3,20,18,25,6,1,14,23,12,24,15,4,2,16,9,19,17],[13,8,11,6,25,3,18,16,17,5,15,23,1,20,19,24,4,10,21,22,7,12,9,2,14],[23,5,9,8,20,7,11,24,22,3,13,4,21,25,14,17,16,12,15,18,6,2,19,1,10]]


Objective value =  287.0
[[1,3,20,14,24,15,18,11,7,16,13,21,6,9,19,22,25,12,2,4,10,5,8,17,23],[16,8,20,10,12,15,17,6,7,5,9,1,18,22,2,13,3,23,21,24,25,19,11,14,4],[19,4,25,20,22,24,2,3,21,12,17,16,6,11,23,13,1,18,15,10,5,9,14,8,7]]


Objective value =  268.0
[[3,15,12,11,19,7,10,13,1,17,21,9,22,2,20,24,8,16,14,23,4,6,5,18,25],[22,8,24,2,10,16,17,9,6,13,7,20,19,5,14,1,23,21,12,25,18,15,3,11,4],[25,8,7,1,14,23,19,4,15,5,2,3,11,20,12,10,22,17,21,18,24,9,13,16,6]]


Objective value =  223.0
[[13,6,10,4,11,15,9,8,12,3,20,21,16,19,2,22,24,14,23,7,25,17,5,18,1],[17,15,10,21,13,11,9,16,2,22,23,8,18,25,3,6,12,14,20,1,7,4,24,19,5],[24,23,7,9,13,19,15,11,20,22,4,16,2,3,25,21,18,5,10,12,17,1,14,6,8]]


Objective value =  264.0
[[3,13,8,25,17,7,10,14,20,11,24,5,12,9,6,23,19,21,1,22,15,2,16,4,18],[10,9,20,19,8,24,2,25,3,15,17,18,21,22,7,16,5,23,6,14,1,4,11,13,12],[21,7,14,16,8,6,23,18,17,19,12,11,9,1,3,4,13,20,5,2,15,22,24,25,10]]


Objective value =  208.0
[[5,18,1,21,16,17,15,24,7,14,22,19,10,11,20,2,9,13,4,3,23,8,12,25,6],[14,18,23,7,19,10,15,2,17,1,13,4,12,21,11,9,8,20,16,6,24,25,5,22,3],[21,17,14,3,12,23,22,10,15,18,16,7,19,9,6,2,20,13,25,11,8,1,24,5,4]]


Objective value =  271.0
[[7,11,15,1,2,17,20,22,18,14,12,8,13,16,3,21,10,23,5,24,9,19,6,25,4],[22,6,4,14,25,12,15,16,24,1,3,18,23,10,21,8,7,13,5,19,11,20,9,2,17],[23,5,17,4,14,20,19,18,22,11,1,13,7,2,6,24,10,15,12,8,9,3,25,16,21]]


Objective value =  224.0
[[19,9,15,6,7,11,8,14,25,24,21,5,4,23,10,3,13,2,16,17,22,18,20,12,1],[24,21,17,6,9,14,16,15,12,5,3,4,7,2,1,23,19,13,18,20,11,10,22,8,25],[25,5,9,11,12,8,19,13,21,6,23,16,17,18,1,14,3,10,24,20,15,7,2,4,22]]


Objective value =  255.0
[[9,7,11,25,16,6,21,5,3,14,1,17,24,10,22,23,19,18,15,4,13,20,8,2,12],[19,13,11,20,8,16,4,17,25,22,14,15,7,21,10,23,1,3,9,6,5,24,12,2,18],[21,3,2,10,24,8,14,23,4,7,25,13,16,17,20,22,15,6,19,18,5,9,11,1,12]]


Objective value =  246.0
[[2,15,13,1,14,18,23,9,12,11,6,4,5,19,24,16,3,22,17,21,7,25,10,20,8],[7,23,9,3,12,25,22,18,2,13,6,20,5,21,14,16,10,15,19,17,1,8,4,24,11],[9,18,10,21,14,20,24,23,1,12,15,5,25,16,19,6,4,11,17,3,7,22,2,13,8]]


Objective value =  233.0
[[3,20,15,10,4,17,24,2,13,21,19,6,25,18,7,22,14,12,11,16,9,23,5,1,8],[5,20,1,22,19,25,10,2,12,13,4,21,15,18,16,7,8,3,11,14,23,17,6,24,9],[25,15,18,9,23,8,10,2,4,13,16,19,3,21,17,5,22,20,24,1,11,6,14,7,12]]


Objective value =  276.0
[[1,8,4,12,3,18,10,7,20,13,5,14,2,6,16,25,19,24,17,23,21,15,22,9,11],[17,10,21,15,7,9,19,14,20,12,13,23,6,1,2,24,3,11,18,8,25,22,16,5,4],[25,6,2,17,18,10,16,13,5,12,19,15,22,14,23,3,24,20,9,21,4,11,1,8,7]]


Objective value =  257.0
[[11,18,6,9,25,5,1,16,24,12,8,14,21,23,2,19,20,13,10,17,3,4,7,22,15],[15,13,7,10,25,12,16,18,23,20,17,2,22,1,14,4,5,21,6,9,11,3,24,8,19],[23,6,17,12,3,21,2,25,1,11,18,22,10,20,8,16,14,4,9,7,5,19,15,13,24]]


Objective value =  279.0
[[10,16,5,22,25,23,7,12,18,6,3,15,1,4,17,20,8,13,9,19,24,14,11,2,21],[12,2,8,11,5,4,18,14,13,1,9,6,7,15,25,16,10,22,20,24,19,17,21,23,3],[24,18,12,8,20,3,17,11,9,22,21,2,23,1,15,16,6,10,4,7,19,5,25,14,13]]


Objective value =  230.0
[[19,7,21,3,10,25,2,6,12,5,23,16,9,14,15,11,22,20,8,24,18,4,17,1,13],[20,7,8,1,10,16,9,23,5,12,24,15,19,17,14,13,3,4,25,6,11,2,21,22,18],[23,1,13,12,4,19,21,6,3,20,16,9,2,10,7,15,11,5,25,22,24,17,18,8,14]]


Objective value =  294.0
[[7,19,9,20,25,13,14,4,22,2,18,17,15,6,21,5,10,11,1,3,24,12,8,16,23],[10,15,21,17,12,23,13,20,18,4,3,9,1,2,19,25,8,16,5,6,24,7,11,22,14],[19,22,8,24,16,5,10,11,13,12,15,3,1,9,20,6,4,23,14,7,17,2,18,25,21]]


Objective value =  237.0
[[8,23,15,6,11,24,4,14,17,9,7,2,22,25,10,16,20,18,13,5,1,19,21,12,3],[11,23,3,21,7,15,22,19,16,4,10,1,8,2,12,25,18,17,6,20,13,14,24,9,5],[23,1,9,14,4,19,8,13,6,25,17,24,15,21,3,20,11,5,22,16,10,12,2,18,7]]


Objective value =  256.0
[[4,17,18,6,15,10,2,11,19,22,13,16,21,14,20,7,9,1,25,5,3,12,23,8,24],[25,18,9,5,3,10,14,6,23,20,19,22,17,7,12,15,16,4,8,21,11,13,1,24,2],[25,20,24,5,9,17,15,13,11,3,21,14,7,22,12,1,19,8,23,10,2,6,16,4,18]]


Objective value =  259.0
[[9,24,11,25,1,10,14,17,12,18,4,5,20,23,2,8,22,21,13,16,6,19,3,7,15],[12,2,11,10,5,4,14,6,21,7,3,1,8,15,9,17,22,18,13,16,19,24,25,20,23],[17,24,9,7,3,19,21,13,20,11,22,5,6,14,15,18,12,8,4,1,25,16,23,2,10]]


Objective value =  226.0
[[15,12,2,11,10,25,18,16,17,7,21,3,9,8,14,24,6,19,22,23,5,13,20,4,1],[21,13,10,11,3,18,12,17,15,9,20,22,16,2,25,7,1,8,24,6,23,5,4,14,19],[25,19,7,16,18,13,9,3,5,6,24,22,12,2,14,11,21,1,4,20,23,10,17,15,8]]


Objective value =  240.0
[[6,4,13,2,17,5,3,12,14,9,24,21,16,22,7,19,25,18,11,10,23,15,1,20,8],[9,3,23,10,24,11,12,4,2,6,21,8,14,1,18,7,16,17,22,25,13,20,15,5,19],[21,3,18,5,13,11,16,2,25,14,19,6,22,15,17,20,7,4,10,8,12,9,23,24,1]]


Objective value =  265.0
[[2,19,17,21,22,15,16,14,18,4,3,8,6,20,9,11,24,13,12,23,1,25,10,7,5],[6,10,21,2,16,7,11,15,17,25,4,5,14,18,23,3,20,9,24,13,12,8,22,1,19],[7,23,24,15,22,17,3,5,13,10,9,6,20,8,1,2,19,25,11,21,16,18,4,12,14]]


Objective value =  243.0
[[4,23,3,19,8,7,10,11,6,13,21,16,5,25,9,20,18,24,22,12,15,2,17,14,1],[8,15,13,10,5,12,16,9,24,14,6,19,4,21,25,2,11,20,22,7,1,3,18,17,23],[17,8,19,1,6,11,22,3,23,10,15,13,24,9,2,14,16,7,4,25,18,20,5,21,12]]


Objective value =  279.0
[[7,2,17,8,10,14,21,23,24,18,11,12,20,1,3,6,25,5,13,15,9,4,16,22,19],[12,19,15,18,22,7,9,20,10,3,23,25,17,24,5,8,4,21,1,6,13,11,16,2,14],[19,1,24,2,16,21,3,20,13,10,14,22,9,4,15,18,17,7,23,5,6,8,12,25,11]]


Objective value =  251.0
[[8,3,4,11,6,21,5,15,25,13,22,23,1,20,9,2,16,14,24,7,10,12,18,17,19],[17,10,6,4,9,8,22,1,23,24,3,25,21,2,14,13,15,16,19,5,11,20,18,7,12],[23,20,15,12,4,1,18,14,17,10,16,21,3,25,19,8,24,5,2,11,6,22,13,7,9]]


Objective value =  218.0
[[3,12,11,2,6,4,1,14,16,9,20,5,18,24,8,23,21,13,19,17,7,25,10,22,15],[8,6,9,13,15,17,11,21,2,22,12,14,23,1,16,5,4,19,20,18,7,10,24,25,3],[14,15,2,3,8,19,5,9,12,13,6,24,17,10,20,21,1,4,7,18,25,16,22,23,11]]


Objective value =  225.0
[[1,12,9,8,18,15,4,11,16,7,6,23,20,17,19,5,2,22,10,21,25,24,14,3,13],[16,6,2,10,17,11,8,5,4,12,25,19,13,1,22,20,9,23,14,18,24,3,15,21,7],[22,18,8,9,12,17,6,15,11,20,23,19,24,3,7,5,13,25,14,1,21,4,10,16,2]]


Objective value =  261.0
[[3,6,17,2,16,5,18,7,20,11,15,24,10,1,12,8,19,23,13,21,25,22,14,4,9],[4,15,16,2,25,24,10,21,11,14,8,22,1,19,23,18,13,17,5,9,3,12,7,20,6],[17,4,13,25,23,24,8,11,9,15,3,6,16,14,1,5,19,22,12,18,21,10,20,2,7]]


Objective value =  236.0
[[4,16,18,15,9,7,3,8,12,24,5,13,11,1,17,19,23,10,25,21,6,2,20,14,22],[15,10,11,14,8,5,24,1,18,3,20,4,22,21,12,25,6,9,2,16,23,17,19,13,7],[25,8,3,13,17,18,12,22,4,16,24,19,1,9,21,10,5,14,2,20,11,7,15,6,23]]


Objective value =  250.0
[[8,3,15,5,2,16,12,1,19,18,10,17,23,9,25,21,20,13,4,14,6,22,11,24,7],[18,1,4,25,15,9,2,5,17,7,11,10,16,13,20,19,21,8,23,14,22,3,24,12,6],[20,7,17,2,9,3,6,18,10,14,24,4,15,12,22,21,23,19,5,16,8,1,11,25,13]]


Objective value =  275.0
[[7,20,22,4,24,19,18,13,1,23,10,25,5,3,11,2,16,6,8,12,9,15,14,21,17],[11,3,17,14,1,16,8,25,5,9,18,22,19,15,13,12,4,24,2,21,20,10,23,7,6],[23,4,24,15,19,22,13,9,12,18,17,21,2,11,14,3,20,5,10,25,8,6,7,1,16]]


Objective value =  265.0
[[1,14,25,8,9,3,4,22,23,18,21,24,15,19,20,12,13,10,5,16,7,2,11,17,6],[8,2,16,11,7,5,25,10,1,3,6,4,23,24,17,18,12,19,13,21,20,15,14,9,22],[20,16,22,23,24,9,8,15,21,13,7,10,18,1,25,14,5,19,11,4,12,3,2,6,17]]


Objective value =  232.0
[[9,20,10,17,16,25,15,13,14,18,22,24,7,5,2,8,6,3,19,21,12,11,1,4,23],[11,8,17,5,15,7,10,13,6,20,18,19,16,4,9,21,22,23,1,25,2,14,12,24,3],[24,1,18,21,8,7,16,10,9,2,20,17,6,11,19,4,23,25,13,15,3,12,14,5,22]]


Objective value =  267.0
[[5,6,14,4,1,16,7,13,17,2,20,19,24,22,3,23,18,11,21,10,9,12,15,8,25],[11,17,3,10,9,8,22,12,24,2,18,14,5,16,4,19,25,21,6,23,13,1,7,20,15],[16,15,20,25,6,2,9,19,3,5,14,12,17,10,18,8,11,24,13,4,21,1,23,22,7]]


Objective value =  245.0
[[18,5,14,9,21,22,3,11,4,2,6,13,20,15,10,24,8,7,25,12,1,17,19,16,23],[20,2,8,1,19,12,24,7,23,18,15,16,21,22,11,3,25,4,14,17,6,9,5,13,10],[25,4,22,16,18,2,15,8,5,3,9,21,14,6,12,23,20,1,11,24,19,13,7,10,17]]


Objective value =  308.0
[[10,19,9,17,3,15,16,4,24,5,18,23,11,20,22,2,8,12,21,1,6,7,13,14,25],[13,12,23,15,1,11,16,9,7,25,21,4,2,18,19,20,14,22,8,3,6,5,17,10,24],[22,6,19,5,14,25,13,12,8,23,4,15,7,10,17,2,20,24,21,1,18,16,11,9,3]]


Objective value =  260.0
[[7,16,21,11,3,5,14,8,20,19,1,15,24,17,10,22,9,4,25,12,13,2,6,18,23],[8,3,4,17,20,13,21,10,11,16,25,22,1,12,15,14,24,9,6,5,19,7,18,23,2],[15,12,6,22,23,14,21,3,2,8,13,25,18,19,10,17,5,1,4,16,9,20,11,7,24]]


Objective value =  283.0
[[1,10,5,22,8,15,21,9,4,12,24,6,11,16,18,3,20,17,7,19,2,23,14,13,25],[15,23,4,11,16,3,20,17,12,14,19,6,21,2,9,8,10,18,7,1,5,24,22,25,13],[25,10,23,22,2,19,20,12,7,5,13,8,21,1,16,6,3,11,18,24,4,17,14,9,15]]


Objective value =  301.0
[[9,11,13,18,16,14,6,19,25,20,3,23,21,22,24,15,5,7,2,8,4,12,1,10,17],[10,15,17,1,2,18,6,3,4,8,16,9,20,23,21,14,19,13,7,25,5,12,11,22,24],[23,5,22,11,9,24,3,1,12,10,4,14,13,20,17,21,19,7,15,25,8,18,2,6,16]]


Objective value =  240.0
[[6,3,13,11,18,17,16,19,10,12,8,2,4,5,20,1,7,21,15,14,23,25,24,9,22],[12,17,1,22,16,4,14,10,19,23,20,2,5,13,9,18,24,8,11,15,3,7,21,6,25],[17,8,10,21,14,20,11,12,5,7,22,1,3,15,6,19,4,13,2,24,25,9,23,16,18]]


Objective value =  246.0
[[2,14,4,19,7,13,3,1,6,8,9,5,20,17,16,11,10,15,24,18,22,12,25,23,21],[3,24,25,23,9,8,13,10,2,1,15,22,7,18,11,19,17,4,16,20,6,14,12,5,21],[7,1,21,23,19,2,14,11,10,4,16,15,8,22,12,25,18,24,20,13,9,6,3,17,5]]


Objective value =  236.0
[[2,8,11,6,10,9,20,5,17,16,7,19,25,18,23,14,21,13,1,24,22,12,15,4,3],[4,19,20,22,11,2,10,18,8,3,23,14,12,15,17,13,25,9,21,7,1,5,6,24,16],[14,18,11,23,9,24,25,1,19,10,5,7,17,6,3,4,20,16,13,8,2,22,21,15,12]]


Objective value =  249.0
[[2,22,3,8,18,6,12,10,1,13,16,25,15,17,7,5,4,21,24,20,14,11,19,9,23],[6,5,24,20,23,1,17,14,13,8,7,16,12,9,11,22,21,18,4,25,15,10,2,3,19],[12,8,25,17,9,10,20,16,4,21,22,7,5,6,1,23,24,13,19,14,3,2,11,15,18]]


Objective value =  227.0
[[4,11,6,22,10,12,20,2,8,19,15,7,21,14,18,5,1,9,25,3,24,13,17,16,23],[6,3,25,9,13,19,5,10,21,18,14,23,8,7,16,22,20,4,11,12,2,17,24,15,1],[6,22,25,14,16,2,11,8,10,12,23,4,18,21,17,3,9,20,15,19,13,5,24,7,1]]


Objective value =  225.0
[[6,15,9,14,19,1,17,16,4,21,12,3,25,7,23,2,22,10,5,20,24,18,8,11,13],[14,12,16,25,20,15,3,6,5,8,17,24,19,23,1,10,22,18,2,7,9,13,11,21,4],[15,21,3,22,25,24,19,2,4,10,1,14,8,7,11,16,9,12,5,20,17,18,23,6,13]]


Objective value =  258.0
[[13,4,15,7,11,1,12,18,6,16,8,23,10,20,2,24,21,22,19,14,9,17,3,5,25],[14,13,2,5,11,20,21,17,12,19,22,25,3,16,24,6,15,10,4,23,1,9,7,8,18],[14,17,4,5,2,15,24,7,22,23,3,8,13,9,12,16,18,19,21,20,11,25,10,1,6]]


Objective value =  264.0
[[5,17,19,9,11,4,15,3,25,16,10,12,22,2,8,7,18,21,6,24,14,23,20,1,13],[5,22,11,17,16,7,14,12,3,1,2,23,10,25,21,4,20,8,19,13,18,6,15,9,24],[11,21,9,24,16,13,23,15,10,8,14,20,18,4,3,25,1,7,22,12,2,17,6,19,5]]


Objective value =  239.0
[[2,17,18,25,5,14,10,3,7,1,22,24,23,16,4,12,21,19,13,20,9,8,6,15,11],[3,7,10,14,19,22,23,18,16,8,6,12,4,15,25,9,1,20,24,17,21,2,13,11,5],[21,9,17,13,14,18,6,3,15,20,5,7,10,4,16,25,12,19,22,2,1,24,23,11,8]]


Objective value =  251.0
[[11,4,13,6,9,8,12,18,7,10,15,21,14,2,1,3,17,16,20,25,24,23,5,22,19],[14,13,19,15,9,24,17,20,16,21,11,8,18,22,6,25,3,5,7,4,1,23,10,12,2],[17,8,10,7,19,2,6,9,14,5,22,16,24,4,11,18,25,15,12,20,23,13,3,21,1]]


Objective value =  234.0
[[5,9,4,13,14,8,23,10,19,18,3,24,17,2,12,20,21,6,16,22,11,7,25,15,1],[14,22,7,13,18,1,23,8,5,21,25,17,15,10,24,4,20,6,16,3,2,12,19,9,11],[23,4,13,10,11,16,25,14,8,9,21,6,20,22,12,15,3,24,18,2,7,5,17,19,1]]


Objective value =  254.0
[[7,2,11,16,1,22,3,13,15,14,9,10,23,18,20,8,4,25,24,21,19,5,12,17,6],[12,2,5,24,10,8,22,9,11,13,14,15,25,18,3,1,6,23,4,19,7,20,17,21,16],[13,4,10,20,23,11,8,9,21,3,17,14,19,16,15,7,25,24,1,18,12,2,6,5,22]]


Objective value =  294.0
[[1,15,17,25,4,21,6,11,9,16,23,13,7,10,18,14,19,5,22,8,2,24,20,3,12],[20,1,7,19,15,8,6,18,10,13,17,21,25,3,2,24,16,12,14,22,23,9,5,11,4],[24,19,10,14,9,2,5,4,12,6,8,11,16,13,22,25,17,3,23,1,7,20,18,15,21]]


Objective value =  260.0
[[3,17,8,10,25,13,21,7,2,4,20,9,18,15,24,11,14,5,19,1,23,12,16,6,22],[4,17,14,10,24,23,20,21,16,7,19,25,8,12,22,2,11,5,15,6,18,1,13,3,9],[15,11,9,1,3,23,10,13,24,8,14,19,2,20,16,12,6,7,4,21,18,17,5,25,22]]


Objective value =  283.0
[[3,8,17,20,11,15,16,2,18,7,9,10,24,12,19,13,4,6,21,23,1,14,5,25,22],[6,13,15,2,1,18,12,20,14,23,24,16,10,21,3,17,5,8,7,11,22,25,19,9,4],[13,5,11,23,25,9,24,21,1,4,19,20,14,6,16,17,10,15,7,18,3,22,12,2,8]]


Objective value =  225.0
[[1,2,5,8,10,17,13,25,3,24,16,7,14,12,20,6,19,9,15,23,11,22,18,4,21],[12,2,9,14,17,7,10,19,15,1,25,16,20,8,4,13,22,21,18,11,6,3,24,5,23],[14,4,9,1,25,18,3,17,16,11,23,7,22,8,19,2,21,12,24,10,13,20,5,15,6]]


Objective value =  253.0
[[3,6,21,10,20,12,16,4,14,19,9,13,17,25,24,5,23,8,2,11,7,1,15,22,18],[12,20,24,8,7,4,5,14,13,11,2,6,18,3,21,25,19,9,15,22,17,23,1,16,10],[17,6,13,1,14,7,22,18,5,16,21,4,19,9,12,11,10,20,8,24,23,2,25,3,15]]


Objective value =  246.0
[[6,15,5,20,18,24,13,19,1,7,4,23,25,2,8,16,22,14,11,12,17,3,10,21,9],[12,24,4,25,13,7,2,11,20,19,23,8,16,15,18,17,21,9,14,1,22,3,10,5,6],[19,13,22,10,12,5,9,14,6,7,21,20,17,25,4,23,18,2,24,8,1,3,11,15,16]]


Objective value =  255.0
[[2,19,1,15,4,6,24,12,18,13,7,8,17,21,23,3,10,5,16,9,11,25,20,14,22],[11,1,22,21,16,2,10,13,23,4,17,20,15,18,25,19,5,9,14,8,3,6,7,12,24],[15,17,5,10,9,3,23,13,4,14,25,19,11,16,12,2,6,18,21,24,1,20,22,7,8]]


Objective value =  236.0
[[4,1,16,25,3,5,19,21,15,12,8,11,17,7,20,6,23,14,2,10,18,22,24,13,9],[8,22,12,6,2,21,10,11,25,5,24,17,20,16,7,19,1,9,4,3,23,15,13,18,14],[19,11,8,24,5,18,12,3,21,15,22,13,10,2,23,25,1,9,17,4,20,7,16,6,14]]


Objective value =  235.0
[[16,1,19,13,3,10,15,20,9,23,17,25,4,2,12,24,7,14,11,22,5,21,18,8,6],[18,9,16,7,13,10,21,6,15,5,1,12,24,23,19,20,2,3,4,14,17,22,25,11,8],[23,14,13,7,6,18,10,8,2,11,22,16,9,12,1,25,19,21,20,15,17,24,5,3,4]]


Objective value =  216.0
[[3,13,20,10,11,22,9,4,16,14,5,2,24,19,23,17,15,25,21,1,12,6,7,18,8],[8,22,21,10,16,11,13,6,14,20,17,25,18,12,19,4,23,2,24,5,3,9,7,15,1],[14,10,11,17,9,3,19,22,7,23,25,15,4,12,2,16,8,20,5,24,1,6,18,21,13]]


Objective value =  220.0
[[6,1,7,15,12,5,23,4,9,10,22,16,3,19,25,21,2,14,20,18,17,11,24,8,13],[11,4,8,19,15,10,13,1,5,9,22,16,17,6,20,21,24,18,3,12,25,23,7,14,2],[12,15,6,8,3,9,4,10,24,19,25,22,21,2,20,1,17,11,14,18,13,23,7,5,16]]


Objective value =  255.0
[[2,15,18,1,10,13,5,17,14,20,23,24,19,6,22,7,16,25,12,9,21,3,4,8,11],[15,9,13,17,21,10,19,8,4,2,6,7,16,22,24,5,14,1,11,18,23,12,20,25,3],[23,13,6,25,3,18,17,8,12,7,5,21,20,19,24,1,15,2,16,9,11,10,4,14,22]]


Objective value =  254.0
[[13,9,11,18,5,17,10,20,22,2,3,25,19,4,12,14,15,7,1,21,23,8,6,24,16],[13,9,25,3,12,4,10,11,24,2,14,8,6,7,23,5,15,19,22,1,17,21,16,20,18],[17,7,8,2,20,9,18,4,19,1,24,23,16,6,21,25,13,12,10,3,15,22,5,14,11]]


Objective value =  282.0
[[1,5,6,20,3,8,17,18,9,19,16,14,11,12,22,10,21,15,23,13,2,25,7,4,24],[8,4,19,18,10,21,6,7,2,20,14,3,25,13,1,12,15,17,5,11,24,22,23,16,9],[16,11,23,25,22,7,17,9,2,21,18,8,1,19,14,10,20,5,3,13,24,12,6,4,15]]


Objective value =  261.0
[[1,7,3,5,4,14,20,22,19,15,17,21,12,23,13,6,25,18,2,11,8,24,9,10,16],[5,2,1,23,21,11,3,12,10,14,20,24,8,19,25,13,22,16,9,7,6,15,17,4,18],[10,7,6,4,9,19,20,18,11,21,23,17,12,13,8,22,5,25,3,15,14,1,24,2,16]]


Objective value =  285.0
[[10,13,15,25,1,9,8,5,20,22,17,24,12,2,11,16,6,19,21,14,4,23,7,18,3],[20,5,19,23,13,7,8,6,11,16,25,15,2,18,14,10,24,12,21,9,3,22,4,17,1],[25,7,23,3,4,17,6,1,24,18,20,14,16,21,11,10,15,19,8,22,5,13,2,9,12]]


Objective value =  224.0
[[7,24,10,15,4,8,17,12,3,11,22,9,20,1,13,18,25,16,19,23,6,2,14,5,21],[17,20,4,6,12,13,10,11,22,14,24,2,9,15,16,19,5,18,23,21,8,1,3,25,7],[18,20,13,14,11,8,21,4,10,16,5,17,24,19,22,6,1,2,15,12,25,7,23,9,3]]


Objective value =  253.0
[[13,9,15,7,2,18,1,4,17,5,14,20,22,16,12,23,19,21,8,24,25,11,3,10,6],[15,4,7,6,9,8,25,12,13,10,18,11,19,16,1,22,20,24,23,2,17,21,14,3,5],[16,5,7,4,14,20,8,12,22,10,3,24,6,11,23,9,21,18,25,2,1,17,13,15,19]]


Objective value =  222.0
[[4,1,5,19,9,20,2,3,14,7,6,23,11,16,18,25,17,10,24,22,13,15,12,8,21],[19,6,10,16,4,14,2,22,17,11,25,15,5,23,13,20,1,3,21,18,9,24,7,8,12],[19,10,1,15,24,16,25,4,13,11,12,9,14,21,17,22,8,6,23,7,3,18,5,20,2]]


Objective value =  293.0
[[9,4,5,17,18,3,21,14,13,19,11,16,7,2,24,8,23,25,20,12,15,10,6,22,1],[17,3,19,11,14,4,10,5,22,16,15,8,25,20,2,6,7,23,21,13,9,24,18,12,1],[21,1,24,12,5,20,6,10,2,23,18,22,8,15,11,4,9,7,17,13,25,3,14,19,16]]


Objective value =  228.0
[[4,1,14,2,12,23,9,20,21,5,17,22,15,11,16,19,13,3,10,7,6,24,8,18,25],[7,23,4,16,21,20,24,14,15,11,25,10,17,18,6,9,22,2,19,13,1,8,3,5,12],[24,9,7,4,11,22,20,17,14,18,13,1,15,8,3,6,19,2,25,10,23,16,5,21,12]]


Objective value =  254.0
[[7,13,20,10,1,22,15,25,17,11,3,21,18,16,8,24,5,2,14,12,6,23,9,19,4],[10,25,19,2,9,5,23,13,14,4,16,8,12,21,22,17,1,11,3,20,6,24,7,15,18],[15,7,22,5,13,3,11,9,21,12,24,20,16,8,25,18,6,17,10,23,1,2,19,4,14]]


Objective value =  232.0
[[2,6,13,10,22,5,4,9,7,23,11,18,14,24,19,12,15,16,1,25,20,17,3,8,21],[5,20,7,12,16,3,23,25,15,11,2,18,6,19,13,1,21,14,24,8,17,22,10,9,4],[23,5,9,18,4,22,13,6,19,15,16,21,25,2,14,11,20,10,3,17,8,12,1,24,7]]


Objective value =  291.0
[[2,15,7,19,8,16,12,10,11,24,22,25,18,21,1,9,20,4,14,13,5,6,3,17,23],[3,6,2,17,20,12,15,13,1,14,19,23,18,10,25,22,5,21,7,9,4,11,24,16,8],[5,2,4,22,25,12,17,1,16,24,9,6,11,13,21,14,23,3,19,18,15,7,8,10,20]]


Objective value =  257.0
[[1,3,19,8,15,10,16,12,11,17,20,13,4,9,25,23,18,5,6,14,2,24,7,22,21],[7,5,8,19,15,9,4,17,20,22,18,21,25,3,11,10,13,2,16,23,24,6,14,12,1],[10,18,24,16,3,21,20,1,5,25,12,22,15,17,8,7,4,23,6,2,13,14,11,9,19]]


Objective value =  256.0
[[8,15,18,16,17,21,5,2,11,10,22,14,25,13,23,7,24,1,3,4,9,6,20,12,19],[14,6,20,7,5,24,18,8,16,4,25,23,12,15,9,19,17,13,1,10,11,3,22,2,21],[22,18,21,24,19,20,12,17,16,25,8,13,15,5,3,6,4,1,2,10,7,14,9,23,11]]


Objective value =  265.0
[[3,4,17,2,6,1,20,19,18,5,24,9,14,13,23,21,12,10,16,25,11,8,7,15,22],[13,14,25,1,15,16,24,9,11,18,20,12,4,6,2,3,8,19,21,5,23,17,7,10,22],[17,16,11,19,14,15,6,10,1,5,22,7,20,12,9,23,8,13,2,3,18,25,21,24,4]]


Objective value =  227.0
[[2,11,9,12,25,15,4,18,1,5,3,24,17,14,13,8,22,19,23,10,6,7,20,16,21],[8,15,23,9,20,1,16,14,25,24,10,12,17,5,22,18,13,6,11,7,21,4,19,2,3],[9,8,4,11,7,20,21,17,12,15,24,18,1,14,10,3,13,6,5,19,22,2,16,23,25]]


Objective value =  256.0
[[13,7,23,3,20,25,10,21,11,19,1,18,9,8,12,6,5,14,4,17,15,2,22,24,16],[18,24,5,1,23,15,21,10,17,3,2,11,20,14,7,25,19,22,9,6,4,12,16,13,8],[25,20,8,3,10,7,14,16,13,12,4,6,5,11,2,17,22,19,24,21,23,1,18,15,9]]


Objective value =  251.0
[[4,6,12,15,22,25,14,11,1,19,5,9,20,3,24,10,17,8,23,16,7,21,2,18,13],[10,22,19,4,12,18,5,2,11,9,6,13,14,1,23,7,15,25,3,8,21,20,16,24,17],[12,9,3,5,7,25,2,21,11,19,17,24,13,8,20,14,18,15,1,23,6,16,10,4,22]]


Objective value =  261.0
[[8,22,6,25,3,11,16,18,1,10,2,23,12,20,5,17,9,15,21,14,7,13,19,4,24],[16,22,4,10,5,19,20,24,1,6,8,14,23,18,25,17,21,15,13,2,9,11,7,12,3],[20,13,17,2,25,8,23,11,24,14,19,1,4,15,10,18,9,6,3,5,22,21,12,7,16]]


Objective value =  277.0
[[1,14,17,9,10,21,12,11,5,25,23,15,20,8,7,2,18,3,19,24,16,4,22,6,13],[2,21,7,3,17,25,24,14,12,8,5,10,23,13,19,18,22,20,15,1,4,6,11,16,9],[23,11,18,24,9,19,8,6,16,13,7,22,12,17,3,1,21,14,4,20,5,2,25,10,15]]


Objective value =  278.0
[[4,14,2,6,25,23,19,16,10,21,5,7,9,20,22,3,17,11,8,12,1,24,15,18,13],[9,12,20,21,22,7,6,18,2,15,23,11,14,19,3,10,1,5,8,17,13,4,16,24,25],[24,8,5,6,17,12,21,10,19,1,11,18,9,14,25,16,7,23,13,4,22,3,20,15,2]]


Objective value =  281.0
[[19,25,6,12,15,18,21,14,13,22,16,4,10,7,2,20,17,8,23,9,5,3,11,1,24],[20,6,17,10,8,7,16,3,2,14,5,24,19,25,13,4,12,21,9,1,23,11,18,22,15],[20,9,3,18,15,1,4,17,11,6,13,5,25,22,14,23,2,19,24,8,10,7,21,12,16]]


Objective value =  248.0
[[14,7,15,8,21,4,3,25,9,10,2,23,20,17,24,13,12,19,6,5,18,22,11,16,1],[22,18,23,14,7,25,16,13,20,6,5,9,19,10,12,15,3,1,8,17,24,4,2,11,21],[23,9,15,3,24,21,25,12,11,5,20,7,4,6,17,2,16,22,14,1,18,19,10,13,8]]


Objective value =  240.0
[[6,22,13,19,23,15,11,17,25,5,10,21,18,24,2,14,7,1,12,16,9,3,4,8,20],[9,6,7,5,12,11,21,24,17,25,18,19,10,8,13,2,15,1,16,23,4,3,22,14,20],[10,7,11,16,13,24,9,20,8,2,15,17,5,3,12,14,18,22,19,25,23,4,6,1,21]]


Objective value =  273.0
[[2,20,10,14,16,8,24,17,23,21,25,22,6,12,13,18,7,1,15,5,11,4,3,19,9],[6,24,20,16,13,9,18,11,4,15,1,8,19,25,14,22,12,23,5,10,2,7,17,3,21],[7,24,11,20,3,18,17,14,15,10,19,9,23,4,22,2,25,12,1,21,5,6,8,13,16]]


Objective value =  237.0
[[2,19,16,9,7,24,13,18,20,10,21,3,5,22,4,17,1,11,25,15,12,23,6,14,8],[3,13,18,21,9,20,15,1,22,17,10,4,14,7,23,24,19,5,6,8,2,11,16,25,12],[9,11,12,21,24,1,10,22,7,25,8,4,2,17,20,19,18,16,23,6,5,15,13,3,14]]


Objective value =  195.0
[[3,13,20,7,4,11,6,22,14,23,5,10,19,24,17,18,9,15,2,21,25,8,1,12,16],[3,14,5,18,10,23,7,17,1,24,13,21,19,12,9,8,22,20,6,15,11,16,25,4,2],[5,14,23,13,21,22,19,4,20,7,16,9,8,6,3,11,10,2,24,25,1,12,15,17,18]]


Objective value =  259.0
[[2,16,12,14,25,13,17,4,15,5,23,1,24,19,11,9,10,8,22,20,7,3,18,21,6],[8,4,7,15,5,10,14,17,18,1,11,6,22,3,24,9,2,19,16,12,20,13,23,21,25],[11,18,2,5,8,12,25,3,13,16,9,24,20,6,23,4,15,19,21,14,17,22,10,1,7]]


Objective value =  246.0
[[1,12,10,19,9,14,2,5,11,21,18,22,15,24,7,25,6,3,17,16,4,20,8,13,23],[21,16,6,10,8,13,17,5,2,9,18,24,15,1,25,20,12,23,19,4,7,14,11,3,22],[25,14,16,5,15,7,21,8,18,23,12,19,9,22,10,17,20,1,11,2,6,4,13,24,3]]


Objective value =  258.0
[[10,21,3,20,7,25,9,8,22,4,15,19,5,1,13,23,6,12,24,11,14,16,2,17,18],[11,7,9,18,22,2,12,14,17,23,15,16,3,21,5,20,19,25,8,6,13,24,10,1,4],[19,16,9,21,12,22,2,18,6,14,24,7,5,4,10,25,23,13,8,3,11,15,20,1,17]]


Objective value =  241.0
[[10,12,7,3,1,25,22,23,24,14,5,15,4,6,18,19,8,13,9,21,20,16,2,11,17],[13,3,9,16,10,23,12,21,4,14,2,6,5,25,24,17,1,11,15,7,22,20,19,8,18],[25,24,2,7,10,14,8,11,4,20,1,9,5,19,16,3,13,6,15,12,17,21,22,23,18]]


Objective value =  212.0
[[2,14,18,12,17,7,4,3,1,23,21,16,9,15,11,5,25,19,8,24,20,10,6,22,13],[20,15,17,2,7,4,13,18,1,8,3,21,22,5,19,6,14,11,9,25,10,23,12,24,16],[25,18,20,23,3,2,19,1,17,12,8,10,11,15,21,9,4,5,13,6,24,7,14,16,22]]


Objective value =  221.0
[[3,10,1,17,24,16,2,18,8,21,25,9,20,13,19,22,6,5,15,11,4,23,7,14,12],[8,2,15,21,3,6,11,14,25,19,17,13,16,5,22,23,18,10,24,7,9,12,20,1,4],[10,22,17,23,3,8,4,14,2,25,20,6,11,13,16,19,21,7,9,5,12,18,15,1,24]]


Objective value =  241.0
